  50 1.7447 1.9653 0.0003 0.0005 1.5801 1.6658 0.0000 0.0001
  75 1.7387 1.9522 0.0009 0.0016 1.5799 1.6652 0.0001 0.0002
 100 1.7308 1.9320 0.0018 0.0033 1.5798 1.6646 0.0001 0.0003
 125 1.7215 1.9075 0.0029 0.0056 1.5797 1.6641 0.0002 0.0005
 150 1.7113 1.8813 0.0042 0.0082 1.5796 1.6634 0.0003 0.0007
 175 1.7008 1.8551 0.0056 0.0110 1.5795 1.6626 0.0004 0.0010
 200 1.6903 1.8298 0.0071 0.0139 1.5794 1.6617 0.0006 0.0013
 225 1.6800 1.8058 0.0087 0.0170 1.5793 1.6607 0.0007 0.0016
 250 1.6703 1.7831 0.0103 0.0202 1.5792 1.6596 0.0009 0.0020
 275 1.6611 1.7616 0.0120 0.0234 1.5791 1.6584 0.0011 0.0024
 300 1.6525 1.7413 0.0138 0.0267 1.5789 1.6572 0.0013 0.0028
 325 1.6445 1.7221 0.0155 0.0301 1.5788 1.6559 0.0015 0.0033
 350 1.6370 1.7038 0.0173 0.0334 1.5787 1.6546 0.0017 0.0038
 375 1.6302 1.6863 0.0191 0.0368 1.5786 1.6533 0.0020 0.0043
 400 1.6238 1.6697 0.0209 0.0403 1.5785 1.6519 0.0022 0.0049
 425 1.6179 1.6537 0.0227 0.0437 1.5784 1.6505 0.0025 0.0054
 450 1.6124 1.6384 0.0246 0.0472 1.5783 1.6491 0.0028 0.0060
 475 1.6073 1.6236 0.0264 0.0507 1.5782 1.6477 0.0031 0.0066
 500 1.6025 1.6095 0.0283 0.0542 1.5781 1.6463 0.0035 0.0073
 525 1.5981 1.5958 0.0302 0.0577 1.5780 1.6448 0.0038 0.0079
 550 1.5939 1.5825 0.0320 0.0612 1.5779 1.6434 0.0042 0.0086
 575 1.5900 1.5697 0.0339 0.0647 1.5778 1.6420 0.0046 0.0093
 600 1.5864 1.5573 0.0358 0.0683 1.5777 1.6405 0.0050 0.0101
 625 1.5829 1.5453 0.0378 0.0719 1.5776 1.6391 0.0054 0.0108
 650 1.5796 1.5336 0.0397 0.0754 1.5775 1.6376 0.0058 0.0116
 675 1.5765 1.5222 0.0416 0.0790 1.5773 1.6362 0.0063 0.0124
 700 1.5736 1.5111 0.0436 0.0826 1.5772 1.6348 0.0068 0.0132
 725 1.5707 1.5003 0.0456 0.0862 1.5770 1.6333 0.0073 0.0140
 750 1.5681 1.4897 0.0475 0.0898 1.5768 1.6318 0.0078 0.0148
 775 1.5655 1.4794 0.0495 0.0934 1.5766 1.6304 0.0083 0.0157
 800 1.5630 1.4693 0.0515 0.0970 1.5764 1.6289 0.0089 0.0166
 825 1.5606 1.4594 0.0536 0.1007 1.5762 1.6275 0.0094 0.0175
 850 1.5583 1.4496 0.0556 0.1043 1.5759 1.6260 0.0100 0.0184
 875 1.5561 1.4401 0.0577 0.1080 1.5757 1.6245 0.0106 0.0193
 900 1.5539 1.4308 0.0597 0.1116 1.5754 1.6231 0.0112 0.0203
 925 1.5518 1.4215 0.0618 0.1153 1.5751 1.6216 0.0119 0.0213
 950 1.5498 1.4125 0.0639 0.1190 1.5748 1.6201 0.0125 0.0223
 975 1.5478 1.4036 0.0660 0.1226 1.5745 1.6186 0.0132 0.0233
1000 1.5458 1.3947 0.0681 0.1263 1.5742 1.6172 0.0139 0.0243
