 50 0.001 0.004 0.004 0.015
 75 0.001 0.009 0.011 0.045
100 0.002 0.018 0.021 0.086
125 0.002 0.030 0.034 0.138
150 0.004 0.044 0.050 0.200
175 0.006 0.059 0.067 0.269
200 0.007 0.075 0.085 0.342
225 0.009 0.091 0.104 0.418
250 0.012 0.108 0.124 0.495
275 0.014 0.124 0.143 0.572
300 0.017 0.141 0.163 0.650
325 0.020 0.157 0.183 0.728
350 0.023 0.173 0.203 0.807
375 0.026 0.189 0.222 0.886
400 0.030 0.205 0.242 0.967
425 0.034 0.220 0.262 1.048
450 0.038 0.236 0.282 1.131
475 0.042 0.251 0.302 1.215
500 0.046 0.266 0.322 1.301
525 0.051 0.280 0.343 1.388
550 0.056 0.295 0.363 1.477
575 0.061 0.310 0.384 1.567
600 0.066 0.324 0.405 1.659
625 0.072 0.339 0.426 1.753
650 0.077 0.353 0.448 1.849
675 0.083 0.368 0.470 1.947
700 0.090 0.382 0.492 2.047
725 0.096 0.397 0.515 2.150
750 0.103 0.411 0.537 2.254
775 0.110 0.425 0.561 2.361
800 0.117 0.440 0.584 2.469
825 0.124 0.454 0.608 2.581
850 0.132 0.469 0.632 2.694
875 0.140 0.483 0.657 2.810
900 0.148 0.498 0.682 2.929
