0.000 6.445 0.000 1.617 0.000
0.001 6.429 0.110 1.616 0.014
0.002 6.384 0.219 1.616 0.028
0.003 6.309 0.327 1.614 0.042
0.004 6.209 0.434 1.612 0.057
0.005 6.085 0.538 1.610 0.071
0.006 5.941 0.640 1.607 0.085
0.007 5.781 0.739 1.603 0.099
0.008 5.608 0.834 1.599 0.112
0.009 5.427 0.926 1.595 0.126
0.010 5.239 1.014 1.590 0.140
0.011 5.048 1.097 1.584 0.153
0.012 4.856 1.176 1.578 0.167
0.013 4.665 1.251 1.572 0.180
0.014 4.477 1.321 1.565 0.193
0.015 4.293 1.387 1.558 0.206
0.016 4.114 1.448 1.550 0.219
0.017 3.941 1.504 1.542 0.232
0.018 3.774 1.556 1.534 0.244
0.019 3.614 1.604 1.525 0.257
0.020 3.461 1.648 1.516 0.269
0.021 3.314 1.688 1.506 0.281
0.022 3.174 1.724 1.497 0.293
0.023 3.041 1.756 1.487 0.304
0.024 2.914 1.785 1.476 0.316
0.025 2.793 1.810 1.466 0.327
0.026 2.679 1.833 1.455 0.338
0.027 2.570 1.852 1.444 0.349
0.028 2.466 1.869 1.433 0.359
0.029 2.368 1.883 1.422 0.370
0.030 2.275 1.894 1.410 0.380
0.031 2.187 1.904 1.399 0.390
0.032 2.103 1.911 1.387 0.399
0.033 2.024 1.916 1.375 0.409
0.034 1.949 1.920 1.363 0.418
0.035 1.877 1.922 1.351 0.427
0.036 1.809 1.922 1.339 0.436
0.037 1.744 1.921 1.327 0.444
0.038 1.683 1.919 1.315 0.453
0.039 1.625 1.916 1.302 0.461
0.040 1.569 1.911 1.290 0.468
0.041 1.516 1.906 1.278 0.476
0.042 1.466 1.900 1.266 0.484
0.043 1.418 1.893 1.253 0.491
0.044 1.373 1.885 1.241 0.498
0.045 1.330 1.876 1.229 0.505
0.046 1.288 1.867 1.217 0.511
0.047 1.249 1.858 1.205 0.517
0.048 1.211 1.847 1.192 0.524
0.049 1.175 1.837 1.180 0.530
0.050 1.141 1.826 1.168 0.535
0.051 1.109 1.815 1.157 0.541
0.052 1.077 1.804 1.145 0.546
0.053 1.048 1.792 1.133 0.551
0.054 1.019 1.780 1.121 0.556
0.055 0.992 1.768 1.110 0.561
0.056 0.966 1.756 1.098 0.566
0.057 0.941 1.743 1.087 0.570
0.058 0.917 1.731 1.076 0.575
0.059 0.894 1.719 1.064 0.579
0.060 0.872 1.706 1.053 0.583
0.061 0.851 1.694 1.042 0.586
0.062 0.831 1.681 1.031 0.590
0.063 0.812 1.669 1.021 0.593
0.064 0.793 1.656 1.010 0.597
0.065 0.776 1.644 1.000 0.600
0.066 0.759 1.631 0.989 0.603
0.067 0.742 1.619 0.979 0.606
0.068 0.726 1.607 0.969 0.609
0.069 0.711 1.595 0.959 0.611
0.070 0.696 1.583 0.949 0.614
0.071 0.682 1.571 0.939 0.616
0.072 0.668 1.559 0.929 0.618
0.073 0.655 1.547 0.919 0.620
0.074 0.642 1.535 0.910 0.622
0.075 0.630 1.524 0.900 0.624
0.076 0.618 1.512 0.891 0.626
0.077 0.606 1.501 0.882 0.628
0.078 0.595 1.490 0.873 0.629
0.079 0.583 1.479 0.864 0.631
0.080 0.573 1.468 0.855 0.632
0.081 0.562 1.457 0.847 0.633
0.082 0.552 1.446 0.838 0.635
0.083 0.542 1.435 0.829 0.636
0.084 0.532 1.425 0.821 0.637
0.085 0.523 1.414 0.813 0.638
0.086 0.513 1.404 0.805 0.639
0.087 0.504 1.394 0.797 0.639
0.088 0.495 1.384 0.789 0.640
0.089 0.487 1.374 0.781 0.641
0.090 0.478 1.364 0.773 0.641
0.091 0.470 1.354 0.765 0.642
0.092 0.462 1.345 0.758 0.642
0.093 0.454 1.335 0.751 0.642
0.094 0.446 1.326 0.743 0.642
0.095 0.439 1.317 0.736 0.643
0.096 0.431 1.307 0.729 0.643
0.097 0.424 1.298 0.722 0.643
0.098 0.417 1.289 0.715 0.643
0.099 0.410 1.280 0.708 0.643
0.100 0.404 1.272 0.701 0.643
0.101 0.397 1.263 0.694 0.643
0.102 0.391 1.254 0.688 0.642
0.103 0.384 1.246 0.681 0.642
0.104 0.378 1.237 0.675 0.642
0.105 0.372 1.229 0.669 0.642
0.106 0.366 1.221 0.662 0.641
0.107 0.361 1.213 0.656 0.641
0.108 0.355 1.205 0.650 0.640
0.109 0.350 1.197 0.644 0.640
0.110 0.344 1.189 0.638 0.639
0.111 0.339 1.181 0.632 0.639
0.112 0.334 1.173 0.627 0.638
0.113 0.329 1.166 0.621 0.638
0.114 0.324 1.158 0.615 0.637
0.115 0.319 1.151 0.610 0.636
0.116 0.315 1.143 0.604 0.636
0.117 0.310 1.136 0.599 0.635
0.118 0.305 1.129 0.594 0.634
0.119 0.301 1.122 0.588 0.633
0.120 0.297 1.115 0.583 0.632
0.121 0.292 1.108 0.578 0.632
0.122 0.288 1.101 0.573 0.631
0.123 0.284 1.094 0.568 0.630
0.124 0.280 1.087 0.563 0.629
0.125 0.276 1.080 0.558 0.628
0.126 0.272 1.074 0.553 0.627
0.127 0.269 1.067 0.548 0.626
0.128 0.265 1.061 0.544 0.625
0.129 0.261 1.054 0.539 0.624
0.130 0.258 1.048 0.535 0.623
0.131 0.254 1.041 0.530 0.622
0.132 0.251 1.035 0.526 0.621
0.133 0.247 1.029 0.521 0.620
0.134 0.244 1.023 0.517 0.618
0.135 0.241 1.017 0.513 0.617
0.136 0.238 1.011 0.508 0.616
0.137 0.235 1.005 0.504 0.615
0.138 0.232 0.999 0.500 0.614
0.139 0.229 0.993 0.496 0.613
0.140 0.226 0.987 0.492 0.612
0.141 0.223 0.982 0.488 0.610
0.142 0.220 0.976 0.484 0.609
0.143 0.217 0.971 0.480 0.608
0.144 0.214 0.965 0.476 0.607
0.145 0.212 0.960 0.472 0.605
0.146 0.209 0.954 0.469 0.604
0.147 0.207 0.949 0.465 0.603
0.148 0.204 0.943 0.461 0.602
0.149 0.202 0.938 0.458 0.600
0.150 0.199 0.933 0.454 0.599
0.151 0.197 0.928 0.450 0.598
0.152 0.194 0.923 0.447 0.597
0.153 0.192 0.918 0.444 0.595
0.154 0.190 0.913 0.440 0.594
0.155 0.188 0.908 0.437 0.593
0.156 0.186 0.903 0.433 0.591
0.157 0.183 0.898 0.430 0.590
0.158 0.181 0.893 0.427 0.589
0.159 0.179 0.888 0.424 0.587
0.160 0.177 0.884 0.420 0.586
0.161 0.175 0.879 0.417 0.585
0.162 0.173 0.874 0.414 0.583
0.163 0.171 0.870 0.411 0.582
0.164 0.170 0.865 0.408 0.581
0.165 0.168 0.861 0.405 0.579
0.166 0.166 0.856 0.402 0.578
0.167 0.164 0.852 0.399 0.577
0.168 0.162 0.847 0.396 0.575
0.169 0.161 0.843 0.393 0.574
0.170 0.159 0.839 0.390 0.573
0.171 0.157 0.834 0.388 0.571
0.172 0.156 0.830 0.385 0.570
0.173 0.154 0.826 0.382 0.569
0.174 0.153 0.822 0.379 0.567
0.175 0.151 0.818 0.377 0.566
0.176 0.149 0.814 0.374 0.565
0.177 0.148 0.810 0.371 0.563
0.178 0.146 0.806 0.369 0.562
0.179 0.145 0.802 0.366 0.561
0.180 0.144 0.798 0.364 0.559
0.181 0.142 0.794 0.361 0.558
0.182 0.141 0.790 0.359 0.556
0.183 0.139 0.786 0.356 0.555
0.184 0.138 0.782 0.354 0.554
0.185 0.137 0.779 0.351 0.552
0.186 0.136 0.775 0.349 0.551
0.187 0.134 0.771 0.346 0.550
0.188 0.133 0.768 0.344 0.548
0.189 0.132 0.764 0.342 0.547
0.190 0.131 0.760 0.340 0.546
0.191 0.129 0.757 0.337 0.544
0.192 0.128 0.753 0.335 0.543
0.193 0.127 0.750 0.333 0.542
0.194 0.126 0.746 0.331 0.540
0.195 0.125 0.743 0.328 0.539
0.196 0.124 0.740 0.326 0.538
0.197 0.122 0.736 0.324 0.536
0.198 0.121 0.733 0.322 0.535
0.199 0.120 0.730 0.320 0.534
0.200 0.119 0.726 0.318 0.532
0.201 0.118 0.723 0.316 0.531
0.202 0.117 0.720 0.314 0.530
0.203 0.116 0.717 0.312 0.528
0.204 0.115 0.713 0.310 0.527
0.205 0.114 0.710 0.308 0.526
0.206 0.113 0.707 0.306 0.525
0.207 0.112 0.704 0.304 0.523
0.208 0.111 0.701 0.302 0.522
0.209 0.110 0.698 0.300 0.521
0.210 0.110 0.695 0.298 0.519
0.211 0.109 0.692 0.296 0.518
0.212 0.108 0.689 0.294 0.517
0.213 0.107 0.686 0.293 0.515
0.214 0.106 0.683 0.291 0.514
0.215 0.105 0.680 0.289 0.513
0.216 0.104 0.677 0.287 0.512
0.217 0.103 0.674 0.286 0.510
0.218 0.103 0.672 0.284 0.509
0.219 0.102 0.669 0.282 0.508
0.220 0.101 0.666 0.280 0.507
0.221 0.100 0.663 0.279 0.505
0.222 0.099 0.661 0.277 0.504
0.223 0.099 0.658 0.275 0.503
0.224 0.098 0.655 0.274 0.502
0.225 0.097 0.652 0.272 0.500
0.226 0.096 0.650 0.271 0.499
0.227 0.096 0.647 0.269 0.498
0.228 0.095 0.645 0.267 0.497
0.229 0.094 0.642 0.266 0.495
0.230 0.093 0.639 0.264 0.494
0.231 0.093 0.637 0.263 0.493
0.232 0.092 0.634 0.261 0.492
0.233 0.091 0.632 0.260 0.490
0.234 0.091 0.629 0.258 0.489
0.235 0.090 0.627 0.257 0.488
0.236 0.089 0.624 0.255 0.487
0.237 0.089 0.622 0.254 0.486
0.238 0.088 0.620 0.252 0.484
0.239 0.087 0.617 0.251 0.483
0.240 0.087 0.615 0.250 0.482
0.241 0.086 0.612 0.248 0.481
0.242 0.086 0.610 0.247 0.480
0.243 0.085 0.608 0.245 0.479
0.244 0.084 0.605 0.244 0.477
0.245 0.084 0.603 0.243 0.476
0.246 0.083 0.601 0.241 0.475
0.247 0.083 0.599 0.240 0.474
0.248 0.082 0.596 0.239 0.473
0.249 0.082 0.594 0.237 0.472
0.250 0.081 0.592 0.236 0.470
0.251 0.080 0.590 0.235 0.469
0.252 0.080 0.588 0.234 0.468
0.253 0.079 0.585 0.232 0.467
0.254 0.079 0.583 0.231 0.466
0.255 0.078 0.581 0.230 0.465
0.256 0.078 0.579 0.229 0.464
0.257 0.077 0.577 0.227 0.462
0.258 0.077 0.575 0.226 0.461
0.259 0.076 0.573 0.225 0.460
0.260 0.076 0.571 0.224 0.459
0.261 0.075 0.569 0.223 0.458
0.262 0.075 0.567 0.222 0.457
0.263 0.074 0.565 0.220 0.456
0.264 0.074 0.563 0.219 0.455
0.265 0.073 0.561 0.218 0.454
0.266 0.073 0.559 0.217 0.453
0.267 0.072 0.557 0.216 0.452
0.268 0.072 0.555 0.215 0.450
0.269 0.071 0.553 0.214 0.449
0.270 0.071 0.551 0.213 0.448
0.271 0.071 0.549 0.212 0.447
0.272 0.070 0.547 0.210 0.446
0.273 0.070 0.545 0.209 0.445
0.274 0.069 0.543 0.208 0.444
0.275 0.069 0.542 0.207 0.443
0.276 0.068 0.540 0.206 0.442
0.277 0.068 0.538 0.205 0.441
0.278 0.068 0.536 0.204 0.440
0.279 0.067 0.534 0.203 0.439
0.280 0.067 0.532 0.202 0.438
0.281 0.066 0.531 0.201 0.437
0.282 0.066 0.529 0.200 0.436
0.283 0.066 0.527 0.199 0.435
0.284 0.065 0.525 0.198 0.434
0.285 0.065 0.524 0.197 0.433
0.286 0.065 0.522 0.196 0.432
0.287 0.064 0.520 0.195 0.431
0.288 0.064 0.518 0.195 0.430
0.289 0.063 0.517 0.194 0.429
0.290 0.063 0.515 0.193 0.428
0.291 0.063 0.513 0.192 0.427
0.292 0.062 0.512 0.191 0.426
0.293 0.062 0.510 0.190 0.425
0.294 0.062 0.508 0.189 0.424
0.295 0.061 0.507 0.188 0.423
0.296 0.061 0.505 0.187 0.422
0.297 0.061 0.504 0.186 0.421
0.298 0.060 0.502 0.186 0.420
0.299 0.060 0.500 0.185 0.419
0.300 0.060 0.499 0.184 0.418
0.301 0.059 0.497 0.183 0.417
0.302 0.059 0.496 0.182 0.416
0.303 0.059 0.494 0.181 0.415
0.304 0.058 0.493 0.181 0.414
0.305 0.058 0.491 0.180 0.413
0.306 0.058 0.490 0.179 0.412
0.307 0.057 0.488 0.178 0.411
0.308 0.057 0.487 0.177 0.410
0.309 0.057 0.485 0.177 0.410
0.310 0.056 0.484 0.176 0.409
0.311 0.056 0.482 0.175 0.408
0.312 0.056 0.481 0.174 0.407
0.313 0.056 0.479 0.174 0.406
0.314 0.055 0.478 0.173 0.405
0.315 0.055 0.476 0.172 0.404
0.316 0.055 0.475 0.171 0.403
0.317 0.054 0.473 0.170 0.402
0.318 0.054 0.472 0.170 0.401
0.319 0.054 0.471 0.169 0.401
0.320 0.054 0.469 0.168 0.400
0.321 0.053 0.468 0.168 0.399
0.322 0.053 0.466 0.167 0.398
0.323 0.053 0.465 0.166 0.397
0.324 0.053 0.464 0.165 0.396
0.325 0.052 0.462 0.165 0.395
0.326 0.052 0.461 0.164 0.394
0.327 0.052 0.460 0.163 0.394
0.328 0.052 0.458 0.163 0.393
0.329 0.051 0.457 0.162 0.392
0.330 0.051 0.456 0.161 0.391
0.331 0.051 0.454 0.161 0.390
0.332 0.051 0.453 0.160 0.389
0.333 0.050 0.452 0.159 0.388
0.334 0.050 0.451 0.159 0.388
0.335 0.050 0.449 0.158 0.387
0.336 0.050 0.448 0.157 0.386
0.337 0.049 0.447 0.157 0.385
0.338 0.049 0.445 0.156 0.384
0.339 0.049 0.444 0.155 0.383
0.340 0.049 0.443 0.155 0.383
0.341 0.048 0.442 0.154 0.382
0.342 0.048 0.440 0.154 0.381
0.343 0.048 0.439 0.153 0.380
0.344 0.048 0.438 0.152 0.379
0.345 0.048 0.437 0.152 0.379
0.346 0.047 0.436 0.151 0.378
0.347 0.047 0.434 0.151 0.377
0.348 0.047 0.433 0.150 0.376
0.349 0.047 0.432 0.149 0.375
0.350 0.046 0.431 0.149 0.375
0.351 0.046 0.430 0.148 0.374
0.352 0.046 0.428 0.148 0.373
0.353 0.046 0.427 0.147 0.372
0.354 0.046 0.426 0.147 0.371
0.355 0.045 0.425 0.146 0.371
0.356 0.045 0.424 0.145 0.370
0.357 0.045 0.423 0.145 0.369
0.358 0.045 0.422 0.144 0.368
0.359 0.045 0.421 0.144 0.368
0.360 0.044 0.419 0.143 0.367
0.361 0.044 0.418 0.143 0.366
0.362 0.044 0.417 0.142 0.365
0.363 0.044 0.416 0.142 0.365
0.364 0.044 0.415 0.141 0.364
0.365 0.043 0.414 0.140 0.363
0.366 0.043 0.413 0.140 0.362
0.367 0.043 0.412 0.139 0.362
0.368 0.043 0.411 0.139 0.361
0.369 0.043 0.410 0.138 0.360
0.370 0.043 0.409 0.138 0.359
0.371 0.042 0.407 0.137 0.359
0.372 0.042 0.406 0.137 0.358
0.373 0.042 0.405 0.136 0.357
0.374 0.042 0.404 0.136 0.357
0.375 0.042 0.403 0.135 0.356
0.376 0.041 0.402 0.135 0.355
0.377 0.041 0.401 0.134 0.354
0.378 0.041 0.400 0.134 0.354
0.379 0.041 0.399 0.133 0.353
0.380 0.041 0.398 0.133 0.352
0.381 0.041 0.397 0.132 0.352
0.382 0.040 0.396 0.132 0.351
0.383 0.040 0.395 0.132 0.350
0.384 0.040 0.394 0.131 0.350
0.385 0.040 0.393 0.131 0.349
0.386 0.040 0.392 0.130 0.348
0.387 0.040 0.391 0.130 0.347
0.388 0.040 0.390 0.129 0.347
0.389 0.039 0.389 0.129 0.346
0.390 0.039 0.388 0.128 0.345
0.391 0.039 0.387 0.128 0.345
0.392 0.039 0.387 0.127 0.344
0.393 0.039 0.386 0.127 0.343
0.394 0.039 0.385 0.127 0.343
0.395 0.038 0.384 0.126 0.342
0.396 0.038 0.383 0.126 0.341
0.397 0.038 0.382 0.125 0.341
0.398 0.038 0.381 0.125 0.340
0.399 0.038 0.380 0.124 0.339
0.400 0.038 0.379 0.124 0.339
0.401 0.038 0.378 0.124 0.338
0.402 0.037 0.377 0.123 0.338
0.403 0.037 0.376 0.123 0.337
0.404 0.037 0.375 0.122 0.336
0.405 0.037 0.375 0.122 0.336
0.406 0.037 0.374 0.122 0.335
0.407 0.037 0.373 0.121 0.334
0.408 0.037 0.372 0.121 0.334
0.409 0.036 0.371 0.120 0.333
0.410 0.036 0.370 0.120 0.332
0.411 0.036 0.369 0.120 0.332
0.412 0.036 0.368 0.119 0.331
0.413 0.036 0.368 0.119 0.331
0.414 0.036 0.367 0.118 0.330
0.415 0.036 0.366 0.118 0.329
0.416 0.036 0.365 0.118 0.329
0.417 0.035 0.364 0.117 0.328
0.418 0.035 0.363 0.117 0.327
0.419 0.035 0.363 0.116 0.327
0.420 0.035 0.362 0.116 0.326
0.421 0.035 0.361 0.116 0.326
0.422 0.035 0.360 0.115 0.325
0.423 0.035 0.359 0.115 0.324
0.424 0.035 0.358 0.115 0.324
0.425 0.034 0.358 0.114 0.323
0.426 0.034 0.357 0.114 0.323
0.427 0.034 0.356 0.114 0.322
0.428 0.034 0.355 0.113 0.321
0.429 0.034 0.354 0.113 0.321
0.430 0.034 0.354 0.112 0.320
0.431 0.034 0.353 0.112 0.320
0.432 0.034 0.352 0.112 0.319
0.433 0.034 0.351 0.111 0.319
0.434 0.033 0.350 0.111 0.318
0.435 0.033 0.350 0.111 0.317
0.436 0.033 0.349 0.110 0.317
0.437 0.033 0.348 0.110 0.316
0.438 0.033 0.347 0.110 0.316
0.439 0.033 0.347 0.109 0.315
0.440 0.033 0.346 0.109 0.315
0.441 0.033 0.345 0.109 0.314
0.442 0.033 0.344 0.108 0.313
0.443 0.032 0.344 0.108 0.313
0.444 0.032 0.343 0.108 0.312
0.445 0.032 0.342 0.107 0.312
0.446 0.032 0.341 0.107 0.311
0.447 0.032 0.341 0.107 0.311
0.448 0.032 0.340 0.106 0.310
0.449 0.032 0.339 0.106 0.310
0.450 0.032 0.338 0.106 0.309
0.451 0.032 0.338 0.106 0.308
0.452 0.031 0.337 0.105 0.308
0.453 0.031 0.336 0.105 0.307
0.454 0.031 0.336 0.105 0.307
0.455 0.031 0.335 0.104 0.306
0.456 0.031 0.334 0.104 0.306
0.457 0.031 0.333 0.104 0.305
0.458 0.031 0.333 0.103 0.305
0.459 0.031 0.332 0.103 0.304
0.460 0.031 0.331 0.103 0.304
0.461 0.031 0.331 0.103 0.303
0.462 0.030 0.330 0.102 0.303
0.463 0.030 0.329 0.102 0.302
0.464 0.030 0.329 0.102 0.302
0.465 0.030 0.328 0.101 0.301
0.466 0.030 0.327 0.101 0.301
0.467 0.030 0.327 0.101 0.300
0.468 0.030 0.326 0.100 0.300
0.469 0.030 0.325 0.100 0.299
0.470 0.030 0.325 0.100 0.299
0.471 0.030 0.324 0.100 0.298
0.472 0.030 0.323 0.099 0.297
0.473 0.029 0.323 0.099 0.297
0.474 0.029 0.322 0.099 0.296
0.475 0.029 0.321 0.099 0.296
0.476 0.029 0.321 0.098 0.295
0.477 0.029 0.320 0.098 0.295
0.478 0.029 0.319 0.098 0.294
0.479 0.029 0.319 0.097 0.294
0.480 0.029 0.318 0.097 0.294
0.481 0.029 0.317 0.097 0.293
0.482 0.029 0.317 0.097 0.293
0.483 0.029 0.316 0.096 0.292
0.484 0.029 0.316 0.096 0.292
0.485 0.028 0.315 0.096 0.291
0.486 0.028 0.314 0.096 0.291
0.487 0.028 0.314 0.095 0.290
0.488 0.028 0.313 0.095 0.290
0.489 0.028 0.312 0.095 0.289
0.490 0.028 0.312 0.095 0.289
0.491 0.028 0.311 0.094 0.288
0.492 0.028 0.311 0.094 0.288
0.493 0.028 0.310 0.094 0.287
0.494 0.028 0.309 0.094 0.287
0.495 0.028 0.309 0.093 0.286
0.496 0.028 0.308 0.093 0.286
0.497 0.027 0.308 0.093 0.285
0.498 0.027 0.307 0.093 0.285
0.499 0.027 0.306 0.092 0.284
0.500 0.027 0.306 0.092 0.284
0.501 0.027 0.305 0.092 0.284
0.502 0.027 0.305 0.092 0.283
0.503 0.027 0.304 0.091 0.283
0.504 0.027 0.303 0.091 0.282
0.505 0.027 0.303 0.091 0.282
0.506 0.027 0.302 0.091 0.281
0.507 0.027 0.302 0.091 0.281
0.508 0.027 0.301 0.090 0.280
0.509 0.027 0.301 0.090 0.280
0.510 0.027 0.300 0.090 0.279
0.511 0.026 0.299 0.090 0.279
0.512 0.026 0.299 0.089 0.279
0.513 0.026 0.298 0.089 0.278
0.514 0.026 0.298 0.089 0.278
0.515 0.026 0.297 0.089 0.277
0.516 0.026 0.297 0.088 0.277
0.517 0.026 0.296 0.088 0.276
0.518 0.026 0.296 0.088 0.276
0.519 0.026 0.295 0.088 0.276
0.520 0.026 0.294 0.088 0.275
0.521 0.026 0.294 0.087 0.275
0.522 0.026 0.293 0.087 0.274
0.523 0.026 0.293 0.087 0.274
0.524 0.026 0.292 0.087 0.273
0.525 0.025 0.292 0.087 0.273
0.526 0.025 0.291 0.086 0.273
0.527 0.025 0.291 0.086 0.272
0.528 0.025 0.290 0.086 0.272
0.529 0.025 0.290 0.086 0.271
0.530 0.025 0.289 0.085 0.271
0.531 0.025 0.289 0.085 0.270
0.532 0.025 0.288 0.085 0.270
0.533 0.025 0.287 0.085 0.270
0.534 0.025 0.287 0.085 0.269
0.535 0.025 0.286 0.084 0.269
0.536 0.025 0.286 0.084 0.268
0.537 0.025 0.285 0.084 0.268
0.538 0.025 0.285 0.084 0.268
0.539 0.025 0.284 0.084 0.267
0.540 0.025 0.284 0.083 0.267
0.541 0.024 0.283 0.083 0.266
0.542 0.024 0.283 0.083 0.266
0.543 0.024 0.282 0.083 0.266
0.544 0.024 0.282 0.083 0.265
0.545 0.024 0.281 0.082 0.265
0.546 0.024 0.281 0.082 0.264
0.547 0.024 0.280 0.082 0.264
0.548 0.024 0.280 0.082 0.264
0.549 0.024 0.279 0.082 0.263
0.550 0.024 0.279 0.082 0.263
0.551 0.024 0.278 0.081 0.262
0.552 0.024 0.278 0.081 0.262
0.553 0.024 0.277 0.081 0.262
0.554 0.024 0.277 0.081 0.261
0.555 0.024 0.277 0.081 0.261
0.556 0.024 0.276 0.080 0.260
0.557 0.024 0.276 0.080 0.260
0.558 0.023 0.275 0.080 0.260
0.559 0.023 0.275 0.080 0.259
0.560 0.023 0.274 0.080 0.259
0.561 0.023 0.274 0.080 0.259
0.562 0.023 0.273 0.079 0.258
0.563 0.023 0.273 0.079 0.258
0.564 0.023 0.272 0.079 0.257
0.565 0.023 0.272 0.079 0.257
0.566 0.023 0.271 0.079 0.257
0.567 0.023 0.271 0.078 0.256
0.568 0.023 0.270 0.078 0.256
0.569 0.023 0.270 0.078 0.256
0.570 0.023 0.269 0.078 0.255
0.571 0.023 0.269 0.078 0.255
0.572 0.023 0.269 0.078 0.255
0.573 0.023 0.268 0.077 0.254
0.574 0.023 0.268 0.077 0.254
0.575 0.023 0.267 0.077 0.253
0.576 0.022 0.267 0.077 0.253
0.577 0.022 0.266 0.077 0.253
0.578 0.022 0.266 0.077 0.252
0.579 0.022 0.265 0.076 0.252
0.580 0.022 0.265 0.076 0.252
0.581 0.022 0.265 0.076 0.251
0.582 0.022 0.264 0.076 0.251
0.583 0.022 0.264 0.076 0.251
0.584 0.022 0.263 0.076 0.250
0.585 0.022 0.263 0.075 0.250
0.586 0.022 0.262 0.075 0.249
0.587 0.022 0.262 0.075 0.249
0.588 0.022 0.262 0.075 0.249
0.589 0.022 0.261 0.075 0.248
0.590 0.022 0.261 0.075 0.248
0.591 0.022 0.260 0.074 0.248
0.592 0.022 0.260 0.074 0.247
0.593 0.022 0.259 0.074 0.247
0.594 0.022 0.259 0.074 0.247
0.595 0.022 0.259 0.074 0.246
0.596 0.021 0.258 0.074 0.246
0.597 0.021 0.258 0.074 0.246
0.598 0.021 0.257 0.073 0.245
0.599 0.021 0.257 0.073 0.245
0.600 0.021 0.256 0.073 0.245
0.601 0.021 0.256 0.073 0.244
0.602 0.021 0.256 0.073 0.244
0.603 0.021 0.255 0.073 0.244
0.604 0.021 0.255 0.072 0.243
0.605 0.021 0.254 0.072 0.243
0.606 0.021 0.254 0.072 0.243
0.607 0.021 0.254 0.072 0.242
0.608 0.021 0.253 0.072 0.242
0.609 0.021 0.253 0.072 0.242
0.610 0.021 0.252 0.072 0.241
0.611 0.021 0.252 0.071 0.241
0.612 0.021 0.252 0.071 0.241
0.613 0.021 0.251 0.071 0.240
0.614 0.021 0.251 0.071 0.240
0.615 0.021 0.250 0.071 0.240
0.616 0.021 0.250 0.071 0.239
0.617 0.021 0.250 0.071 0.239
0.618 0.020 0.249 0.070 0.239
0.619 0.020 0.249 0.070 0.238
0.620 0.020 0.249 0.070 0.238
0.621 0.020 0.248 0.070 0.238
0.622 0.020 0.248 0.070 0.238
0.623 0.020 0.247 0.070 0.237
0.624 0.020 0.247 0.070 0.237
0.625 0.020 0.247 0.069 0.237
0.626 0.020 0.246 0.069 0.236
0.627 0.020 0.246 0.069 0.236
0.628 0.020 0.245 0.069 0.236
0.629 0.020 0.245 0.069 0.235
0.630 0.020 0.245 0.069 0.235
0.631 0.020 0.244 0.069 0.235
0.632 0.020 0.244 0.068 0.234
0.633 0.020 0.244 0.068 0.234
0.634 0.020 0.243 0.068 0.234
0.635 0.020 0.243 0.068 0.234
0.636 0.020 0.242 0.068 0.233
0.637 0.020 0.242 0.068 0.233
0.638 0.020 0.242 0.068 0.233
0.639 0.020 0.241 0.068 0.232
0.640 0.020 0.241 0.067 0.232
0.641 0.020 0.241 0.067 0.232
0.642 0.019 0.240 0.067 0.231
0.643 0.019 0.240 0.067 0.231
0.644 0.019 0.240 0.067 0.231
0.645 0.019 0.239 0.067 0.231
0.646 0.019 0.239 0.067 0.230
0.647 0.019 0.239 0.066 0.230
0.648 0.019 0.238 0.066 0.230
0.649 0.019 0.238 0.066 0.229
0.650 0.019 0.237 0.066 0.229
0.651 0.019 0.237 0.066 0.229
0.652 0.019 0.237 0.066 0.228
0.653 0.019 0.236 0.066 0.228
0.654 0.019 0.236 0.066 0.228
0.655 0.019 0.236 0.065 0.228
0.656 0.019 0.235 0.065 0.227
0.657 0.019 0.235 0.065 0.227
0.658 0.019 0.235 0.065 0.227
0.659 0.019 0.234 0.065 0.226
0.660 0.019 0.234 0.065 0.226
0.661 0.019 0.234 0.065 0.226
0.662 0.019 0.233 0.065 0.226
0.663 0.019 0.233 0.064 0.225
0.664 0.019 0.233 0.064 0.225
0.665 0.019 0.232 0.064 0.225
0.666 0.019 0.232 0.064 0.224
0.667 0.019 0.232 0.064 0.224
0.668 0.019 0.231 0.064 0.224
0.669 0.018 0.231 0.064 0.224
0.670 0.018 0.231 0.064 0.223
0.671 0.018 0.230 0.064 0.223
0.672 0.018 0.230 0.063 0.223
0.673 0.018 0.230 0.063 0.223
0.674 0.018 0.229 0.063 0.222
0.675 0.018 0.229 0.063 0.222
0.676 0.018 0.229 0.063 0.222
0.677 0.018 0.228 0.063 0.221
0.678 0.018 0.228 0.063 0.221
0.679 0.018 0.228 0.063 0.221
0.680 0.018 0.227 0.063 0.221
0.681 0.018 0.227 0.062 0.220
0.682 0.018 0.227 0.062 0.220
0.683 0.018 0.226 0.062 0.220
0.684 0.018 0.226 0.062 0.220
0.685 0.018 0.226 0.062 0.219
0.686 0.018 0.225 0.062 0.219
0.687 0.018 0.225 0.062 0.219
0.688 0.018 0.225 0.062 0.218
0.689 0.018 0.225 0.061 0.218
0.690 0.018 0.224 0.061 0.218
0.691 0.018 0.224 0.061 0.218
0.692 0.018 0.224 0.061 0.217
0.693 0.018 0.223 0.061 0.217
0.694 0.018 0.223 0.061 0.217
0.695 0.018 0.223 0.061 0.217
0.696 0.018 0.222 0.061 0.216
0.697 0.018 0.222 0.061 0.216
0.698 0.018 0.222 0.061 0.216
0.699 0.017 0.221 0.060 0.216
0.700 0.017 0.221 0.060 0.215
0.701 0.017 0.221 0.060 0.215
0.702 0.017 0.221 0.060 0.215
0.703 0.017 0.220 0.060 0.215
0.704 0.017 0.220 0.060 0.214
0.705 0.017 0.220 0.060 0.214
0.706 0.017 0.219 0.060 0.214
0.707 0.017 0.219 0.060 0.214
0.708 0.017 0.219 0.059 0.213
0.709 0.017 0.218 0.059 0.213
0.710 0.017 0.218 0.059 0.213
0.711 0.017 0.218 0.059 0.213
0.712 0.017 0.218 0.059 0.212
0.713 0.017 0.217 0.059 0.212
0.714 0.017 0.217 0.059 0.212
0.715 0.017 0.217 0.059 0.212
0.716 0.017 0.216 0.059 0.211
0.717 0.017 0.216 0.059 0.211
0.718 0.017 0.216 0.058 0.211
0.719 0.017 0.216 0.058 0.211
0.720 0.017 0.215 0.058 0.210
0.721 0.017 0.215 0.058 0.210
0.722 0.017 0.215 0.058 0.210
0.723 0.017 0.214 0.058 0.210
0.724 0.017 0.214 0.058 0.209
0.725 0.017 0.214 0.058 0.209
0.726 0.017 0.214 0.058 0.209
0.727 0.017 0.213 0.058 0.209
0.728 0.017 0.213 0.057 0.208
0.729 0.017 0.213 0.057 0.208
0.730 0.017 0.212 0.057 0.208
0.731 0.016 0.212 0.057 0.208
0.732 0.016 0.212 0.057 0.208
0.733 0.016 0.212 0.057 0.207
0.734 0.016 0.211 0.057 0.207
0.735 0.016 0.211 0.057 0.207
0.736 0.016 0.211 0.057 0.207
0.737 0.016 0.210 0.057 0.206
0.738 0.016 0.210 0.056 0.206
0.739 0.016 0.210 0.056 0.206
0.740 0.016 0.210 0.056 0.206
0.741 0.016 0.209 0.056 0.205
0.742 0.016 0.209 0.056 0.205
0.743 0.016 0.209 0.056 0.205
0.744 0.016 0.209 0.056 0.205
0.745 0.016 0.208 0.056 0.204
0.746 0.016 0.208 0.056 0.204
0.747 0.016 0.208 0.056 0.204
0.748 0.016 0.207 0.056 0.204
0.749 0.016 0.207 0.055 0.204
0.750 0.016 0.207 0.055 0.203
0.751 0.016 0.207 0.055 0.203
0.752 0.016 0.206 0.055 0.203
0.753 0.016 0.206 0.055 0.203
0.754 0.016 0.206 0.055 0.202
0.755 0.016 0.206 0.055 0.202
0.756 0.016 0.205 0.055 0.202
0.757 0.016 0.205 0.055 0.202
0.758 0.016 0.205 0.055 0.202
0.759 0.016 0.205 0.055 0.201
0.760 0.016 0.204 0.054 0.201
0.761 0.016 0.204 0.054 0.201
0.762 0.016 0.204 0.054 0.201
0.763 0.016 0.204 0.054 0.200
0.764 0.016 0.203 0.054 0.200
0.765 0.016 0.203 0.054 0.200
0.766 0.016 0.203 0.054 0.200
0.767 0.016 0.203 0.054 0.200
0.768 0.015 0.202 0.054 0.199
0.769 0.015 0.202 0.054 0.199
0.770 0.015 0.202 0.054 0.199
0.771 0.015 0.202 0.053 0.199
0.772 0.015 0.201 0.053 0.199
0.773 0.015 0.201 0.053 0.198
0.774 0.015 0.201 0.053 0.198
0.775 0.015 0.201 0.053 0.198
0.776 0.015 0.200 0.053 0.198
0.777 0.015 0.200 0.053 0.197
0.778 0.015 0.200 0.053 0.197
0.779 0.015 0.200 0.053 0.197
0.780 0.015 0.199 0.053 0.197
0.781 0.015 0.199 0.053 0.197
0.782 0.015 0.199 0.053 0.196
0.783 0.015 0.199 0.052 0.196
0.784 0.015 0.198 0.052 0.196
0.785 0.015 0.198 0.052 0.196
0.786 0.015 0.198 0.052 0.196
0.787 0.015 0.198 0.052 0.195
0.788 0.015 0.197 0.052 0.195
0.789 0.015 0.197 0.052 0.195
0.790 0.015 0.197 0.052 0.195
0.791 0.015 0.197 0.052 0.195
0.792 0.015 0.196 0.052 0.194
0.793 0.015 0.196 0.052 0.194
0.794 0.015 0.196 0.052 0.194
0.795 0.015 0.196 0.051 0.194
0.796 0.015 0.195 0.051 0.193
0.797 0.015 0.195 0.051 0.193
0.798 0.015 0.195 0.051 0.193
0.799 0.015 0.195 0.051 0.193
0.800 0.015 0.195 0.051 0.193
0.801 0.015 0.194 0.051 0.192
0.802 0.015 0.194 0.051 0.192
0.803 0.015 0.194 0.051 0.192
0.804 0.015 0.194 0.051 0.192
0.805 0.015 0.193 0.051 0.192
0.806 0.015 0.193 0.051 0.191
0.807 0.015 0.193 0.051 0.191
0.808 0.014 0.193 0.050 0.191
0.809 0.014 0.192 0.050 0.191
0.810 0.014 0.192 0.050 0.191
0.811 0.014 0.192 0.050 0.191
0.812 0.014 0.192 0.050 0.190
0.813 0.014 0.192 0.050 0.190
0.814 0.014 0.191 0.050 0.190
0.815 0.014 0.191 0.050 0.190
0.816 0.014 0.191 0.050 0.190
0.817 0.014 0.191 0.050 0.189
0.818 0.014 0.190 0.050 0.189
0.819 0.014 0.190 0.050 0.189
0.820 0.014 0.190 0.049 0.189
0.821 0.014 0.190 0.049 0.189
0.822 0.014 0.190 0.049 0.188
0.823 0.014 0.189 0.049 0.188
0.824 0.014 0.189 0.049 0.188
0.825 0.014 0.189 0.049 0.188
0.826 0.014 0.189 0.049 0.188
0.827 0.014 0.188 0.049 0.187
0.828 0.014 0.188 0.049 0.187
0.829 0.014 0.188 0.049 0.187
0.830 0.014 0.188 0.049 0.187
0.831 0.014 0.188 0.049 0.187
0.832 0.014 0.187 0.049 0.186
0.833 0.014 0.187 0.049 0.186
0.834 0.014 0.187 0.048 0.186
0.835 0.014 0.187 0.048 0.186
0.836 0.014 0.186 0.048 0.186
0.837 0.014 0.186 0.048 0.186
0.838 0.014 0.186 0.048 0.185
0.839 0.014 0.186 0.048 0.185
0.840 0.014 0.186 0.048 0.185
0.841 0.014 0.185 0.048 0.185
0.842 0.014 0.185 0.048 0.185
0.843 0.014 0.185 0.048 0.184
0.844 0.014 0.185 0.048 0.184
0.845 0.014 0.185 0.048 0.184
0.846 0.014 0.184 0.048 0.184
0.847 0.014 0.184 0.047 0.184
0.848 0.014 0.184 0.047 0.184
0.849 0.014 0.184 0.047 0.183
0.850 0.014 0.184 0.047 0.183
0.851 0.014 0.183 0.047 0.183
0.852 0.014 0.183 0.047 0.183
0.853 0.013 0.183 0.047 0.183
0.854 0.013 0.183 0.047 0.182
0.855 0.013 0.182 0.047 0.182
0.856 0.013 0.182 0.047 0.182
0.857 0.013 0.182 0.047 0.182
0.858 0.013 0.182 0.047 0.182
0.859 0.013 0.182 0.047 0.182
0.860 0.013 0.181 0.047 0.181
0.861 0.013 0.181 0.046 0.181
0.862 0.013 0.181 0.046 0.181
0.863 0.013 0.181 0.046 0.181
0.864 0.013 0.181 0.046 0.181
0.865 0.013 0.180 0.046 0.180
0.866 0.013 0.180 0.046 0.180
0.867 0.013 0.180 0.046 0.180
0.868 0.013 0.180 0.046 0.180
0.869 0.013 0.180 0.046 0.180
0.870 0.013 0.179 0.046 0.180
0.871 0.013 0.179 0.046 0.179
0.872 0.013 0.179 0.046 0.179
0.873 0.013 0.179 0.046 0.179
0.874 0.013 0.179 0.046 0.179
0.875 0.013 0.178 0.046 0.179
0.876 0.013 0.178 0.045 0.179
0.877 0.013 0.178 0.045 0.178
0.878 0.013 0.178 0.045 0.178
0.879 0.013 0.178 0.045 0.178
0.880 0.013 0.178 0.045 0.178
0.881 0.013 0.177 0.045 0.178
0.882 0.013 0.177 0.045 0.178
0.883 0.013 0.177 0.045 0.177
0.884 0.013 0.177 0.045 0.177
0.885 0.013 0.177 0.045 0.177
0.886 0.013 0.176 0.045 0.177
0.887 0.013 0.176 0.045 0.177
0.888 0.013 0.176 0.045 0.177
0.889 0.013 0.176 0.045 0.176
0.890 0.013 0.176 0.044 0.176
0.891 0.013 0.175 0.044 0.176
0.892 0.013 0.175 0.044 0.176
0.893 0.013 0.175 0.044 0.176
0.894 0.013 0.175 0.044 0.176
0.895 0.013 0.175 0.044 0.175
0.896 0.013 0.174 0.044 0.175
0.897 0.013 0.174 0.044 0.175
0.898 0.013 0.174 0.044 0.175
0.899 0.013 0.174 0.044 0.175
0.900 0.013 0.174 0.044 0.175
0.901 0.012 0.174 0.044 0.174
0.902 0.012 0.173 0.044 0.174
0.903 0.012 0.173 0.044 0.174
0.904 0.012 0.173 0.044 0.174
0.905 0.012 0.173 0.044 0.174
0.906 0.012 0.173 0.043 0.174
0.907 0.012 0.172 0.043 0.173
0.908 0.012 0.172 0.043 0.173
0.909 0.012 0.172 0.043 0.173
0.910 0.012 0.172 0.043 0.173
0.911 0.012 0.172 0.043 0.173
0.912 0.012 0.172 0.043 0.173
0.913 0.012 0.171 0.043 0.172
0.914 0.012 0.171 0.043 0.172
0.915 0.012 0.171 0.043 0.172
0.916 0.012 0.171 0.043 0.172
0.917 0.012 0.171 0.043 0.172
0.918 0.012 0.170 0.043 0.172
0.919 0.012 0.170 0.043 0.171
0.920 0.012 0.170 0.043 0.171
0.921 0.012 0.170 0.042 0.171
0.922 0.012 0.170 0.042 0.171
0.923 0.012 0.170 0.042 0.171
0.924 0.012 0.169 0.042 0.171
0.925 0.012 0.169 0.042 0.170
0.926 0.012 0.169 0.042 0.170
0.927 0.012 0.169 0.042 0.170
0.928 0.012 0.169 0.042 0.170
0.929 0.012 0.168 0.042 0.170
0.930 0.012 0.168 0.042 0.170
0.931 0.012 0.168 0.042 0.170
0.932 0.012 0.168 0.042 0.169
0.933 0.012 0.168 0.042 0.169
0.934 0.012 0.168 0.042 0.169
0.935 0.012 0.167 0.042 0.169
0.936 0.012 0.167 0.042 0.169
0.937 0.012 0.167 0.041 0.169
0.938 0.012 0.167 0.041 0.168
0.939 0.012 0.167 0.041 0.168
0.940 0.012 0.167 0.041 0.168
0.941 0.012 0.166 0.041 0.168
0.942 0.012 0.166 0.041 0.168
0.943 0.012 0.166 0.041 0.168
0.944 0.012 0.166 0.041 0.168
0.945 0.012 0.166 0.041 0.167
0.946 0.012 0.166 0.041 0.167
0.947 0.012 0.165 0.041 0.167
0.948 0.012 0.165 0.041 0.167
0.949 0.012 0.165 0.041 0.167
0.950 0.012 0.165 0.041 0.167
0.951 0.012 0.165 0.041 0.166
0.952 0.012 0.165 0.041 0.166
0.953 0.012 0.164 0.041 0.166
0.954 0.011 0.164 0.040 0.166
0.955 0.011 0.164 0.040 0.166
0.956 0.011 0.164 0.040 0.166
0.957 0.011 0.164 0.040 0.166
0.958 0.011 0.164 0.040 0.165
0.959 0.011 0.163 0.040 0.165
0.960 0.011 0.163 0.040 0.165
0.961 0.011 0.163 0.040 0.165
0.962 0.011 0.163 0.040 0.165
0.963 0.011 0.163 0.040 0.165
0.964 0.011 0.163 0.040 0.165
0.965 0.011 0.162 0.040 0.164
0.966 0.011 0.162 0.040 0.164
0.967 0.011 0.162 0.040 0.164
0.968 0.011 0.162 0.040 0.164
0.969 0.011 0.162 0.040 0.164
0.970 0.011 0.162 0.040 0.164
0.971 0.011 0.161 0.039 0.163
0.972 0.011 0.161 0.039 0.163
0.973 0.011 0.161 0.039 0.163
0.974 0.011 0.161 0.039 0.163
0.975 0.011 0.161 0.039 0.163
0.976 0.011 0.161 0.039 0.163
0.977 0.011 0.160 0.039 0.163
0.978 0.011 0.160 0.039 0.162
0.979 0.011 0.160 0.039 0.162
0.980 0.011 0.160 0.039 0.162
0.981 0.011 0.160 0.039 0.162
0.982 0.011 0.160 0.039 0.162
0.983 0.011 0.160 0.039 0.162
0.984 0.011 0.159 0.039 0.162
0.985 0.011 0.159 0.039 0.161
0.986 0.011 0.159 0.039 0.161
0.987 0.011 0.159 0.039 0.161
0.988 0.011 0.159 0.039 0.161
0.989 0.011 0.159 0.038 0.161
0.990 0.011 0.158 0.038 0.161
0.991 0.011 0.158 0.038 0.161
0.992 0.011 0.158 0.038 0.160
0.993 0.011 0.158 0.038 0.160
0.994 0.011 0.158 0.038 0.160
0.995 0.011 0.158 0.038 0.160
0.996 0.011 0.157 0.038 0.160
0.997 0.011 0.157 0.038 0.160
0.998 0.011 0.157 0.038 0.160
0.999 0.011 0.157 0.038 0.159
1.000 0.011 0.157 0.038 0.159
1.001 0.011 0.157 0.038 0.159
1.002 0.011 0.157 0.038 0.159
1.003 0.011 0.156 0.038 0.159
1.004 0.011 0.156 0.038 0.159
1.005 0.011 0.156 0.038 0.159
1.006 0.011 0.156 0.038 0.158
1.007 0.011 0.156 0.037 0.158
1.008 0.011 0.156 0.037 0.158
1.009 0.011 0.155 0.037 0.158
1.010 0.011 0.155 0.037 0.158
1.011 0.011 0.155 0.037 0.158
1.012 0.010 0.155 0.037 0.158
1.013 0.010 0.155 0.037 0.157
1.014 0.010 0.155 0.037 0.157
1.015 0.010 0.155 0.037 0.157
1.016 0.010 0.154 0.037 0.157
1.017 0.010 0.154 0.037 0.157
1.018 0.010 0.154 0.037 0.157
1.019 0.010 0.154 0.037 0.157
1.020 0.010 0.154 0.037 0.156
1.021 0.010 0.154 0.037 0.156
1.022 0.010 0.154 0.037 0.156
1.023 0.010 0.153 0.037 0.156
1.024 0.010 0.153 0.037 0.156
1.025 0.010 0.153 0.037 0.156
1.026 0.010 0.153 0.036 0.156
1.027 0.010 0.153 0.036 0.156
1.028 0.010 0.153 0.036 0.155
1.029 0.010 0.153 0.036 0.155
1.030 0.010 0.152 0.036 0.155
1.031 0.010 0.152 0.036 0.155
1.032 0.010 0.152 0.036 0.155
1.033 0.010 0.152 0.036 0.155
1.034 0.010 0.152 0.036 0.155
1.035 0.010 0.152 0.036 0.154
1.036 0.010 0.151 0.036 0.154
1.037 0.010 0.151 0.036 0.154
1.038 0.010 0.151 0.036 0.154
1.039 0.010 0.151 0.036 0.154
1.040 0.010 0.151 0.036 0.154
1.041 0.010 0.151 0.036 0.154
1.042 0.010 0.151 0.036 0.153
1.043 0.010 0.150 0.036 0.153
1.044 0.010 0.150 0.036 0.153
1.045 0.010 0.150 0.036 0.153
1.046 0.010 0.150 0.035 0.153
1.047 0.010 0.150 0.035 0.153
1.048 0.010 0.150 0.035 0.153
1.049 0.010 0.150 0.035 0.153
1.050 0.010 0.150 0.035 0.152
1.051 0.010 0.149 0.035 0.152
1.052 0.010 0.149 0.035 0.152
1.053 0.010 0.149 0.035 0.152
1.054 0.010 0.149 0.035 0.152
1.055 0.010 0.149 0.035 0.152
1.056 0.010 0.149 0.035 0.152
1.057 0.010 0.149 0.035 0.151
1.058 0.010 0.148 0.035 0.151
1.059 0.010 0.148 0.035 0.151
1.060 0.010 0.148 0.035 0.151
1.061 0.010 0.148 0.035 0.151
1.062 0.010 0.148 0.035 0.151
1.063 0.010 0.148 0.035 0.151
1.064 0.010 0.148 0.035 0.151
1.065 0.010 0.147 0.035 0.150
1.066 0.010 0.147 0.035 0.150
1.067 0.010 0.147 0.034 0.150
1.068 0.010 0.147 0.034 0.150
1.069 0.010 0.147 0.034 0.150
1.070 0.010 0.147 0.034 0.150
1.071 0.010 0.147 0.034 0.150
1.072 0.010 0.146 0.034 0.150
1.073 0.010 0.146 0.034 0.149
1.074 0.010 0.146 0.034 0.149
1.075 0.010 0.146 0.034 0.149
1.076 0.010 0.146 0.034 0.149
1.077 0.010 0.146 0.034 0.149
1.078 0.010 0.146 0.034 0.149
1.079 0.010 0.146 0.034 0.149
1.080 0.010 0.145 0.034 0.148
1.081 0.009 0.145 0.034 0.148
1.082 0.009 0.145 0.034 0.148
1.083 0.009 0.145 0.034 0.148
1.084 0.009 0.145 0.034 0.148
1.085 0.009 0.145 0.034 0.148
1.086 0.009 0.145 0.034 0.148
1.087 0.009 0.144 0.034 0.148
1.088 0.009 0.144 0.034 0.147
1.089 0.009 0.144 0.033 0.147
1.090 0.009 0.144 0.033 0.147
1.091 0.009 0.144 0.033 0.147
1.092 0.009 0.144 0.033 0.147
1.093 0.009 0.144 0.033 0.147
1.094 0.009 0.144 0.033 0.147
1.095 0.009 0.143 0.033 0.147
1.096 0.009 0.143 0.033 0.146
1.097 0.009 0.143 0.033 0.146
1.098 0.009 0.143 0.033 0.146
1.099 0.009 0.143 0.033 0.146
1.100 0.009 0.143 0.033 0.146
1.101 0.009 0.143 0.033 0.146
1.102 0.009 0.142 0.033 0.146
1.103 0.009 0.142 0.033 0.146
1.104 0.009 0.142 0.033 0.145
1.105 0.009 0.142 0.033 0.145
1.106 0.009 0.142 0.033 0.145
1.107 0.009 0.142 0.033 0.145
1.108 0.009 0.142 0.033 0.145
1.109 0.009 0.142 0.033 0.145
1.110 0.009 0.141 0.033 0.145
1.111 0.009 0.141 0.033 0.145
1.112 0.009 0.141 0.033 0.144
1.113 0.009 0.141 0.032 0.144
1.114 0.009 0.141 0.032 0.144
1.115 0.009 0.141 0.032 0.144
1.116 0.009 0.141 0.032 0.144
1.117 0.009 0.141 0.032 0.144
1.118 0.009 0.140 0.032 0.144
1.119 0.009 0.140 0.032 0.144
1.120 0.009 0.140 0.032 0.143
1.121 0.009 0.140 0.032 0.143
1.122 0.009 0.140 0.032 0.143
1.123 0.009 0.140 0.032 0.143
1.124 0.009 0.140 0.032 0.143
1.125 0.009 0.140 0.032 0.143
1.126 0.009 0.139 0.032 0.143
1.127 0.009 0.139 0.032 0.143
1.128 0.009 0.139 0.032 0.142
1.129 0.009 0.139 0.032 0.142
1.130 0.009 0.139 0.032 0.142
1.131 0.009 0.139 0.032 0.142
1.132 0.009 0.139 0.032 0.142
1.133 0.009 0.139 0.032 0.142
1.134 0.009 0.138 0.032 0.142
1.135 0.009 0.138 0.032 0.142
1.136 0.009 0.138 0.032 0.142
1.137 0.009 0.138 0.032 0.141
1.138 0.009 0.138 0.032 0.141
1.139 0.009 0.138 0.031 0.141
1.140 0.009 0.138 0.031 0.141
1.141 0.009 0.138 0.031 0.141
1.142 0.009 0.137 0.031 0.141
1.143 0.009 0.137 0.031 0.141
1.144 0.009 0.137 0.031 0.141
1.145 0.009 0.137 0.031 0.140
1.146 0.009 0.137 0.031 0.140
1.147 0.009 0.137 0.031 0.140
1.148 0.009 0.137 0.031 0.140
1.149 0.009 0.137 0.031 0.140
1.150 0.009 0.136 0.031 0.140
1.151 0.009 0.136 0.031 0.140
1.152 0.009 0.136 0.031 0.140
1.153 0.009 0.136 0.031 0.139
1.154 0.009 0.136 0.031 0.139
1.155 0.009 0.136 0.031 0.139
1.156 0.009 0.136 0.031 0.139
1.157 0.009 0.136 0.031 0.139
1.158 0.009 0.136 0.031 0.139
1.159 0.009 0.135 0.031 0.139
1.160 0.009 0.135 0.031 0.139
1.161 0.009 0.135 0.031 0.139
1.162 0.009 0.135 0.031 0.138
1.163 0.009 0.135 0.031 0.138
1.164 0.009 0.135 0.031 0.138
1.165 0.009 0.135 0.031 0.138
1.166 0.009 0.135 0.031 0.138
1.167 0.009 0.134 0.030 0.138
1.168 0.009 0.134 0.030 0.138
1.169 0.009 0.134 0.030 0.138
1.170 0.009 0.134 0.030 0.137
1.171 0.009 0.134 0.030 0.137
1.172 0.009 0.134 0.030 0.137
1.173 0.009 0.134 0.030 0.137
1.174 0.009 0.134 0.030 0.137
1.175 0.009 0.134 0.030 0.137
1.176 0.008 0.133 0.030 0.137
1.177 0.008 0.133 0.030 0.137
1.178 0.008 0.133 0.030 0.137
1.179 0.008 0.133 0.030 0.136
1.180 0.008 0.133 0.030 0.136
1.181 0.008 0.133 0.030 0.136
1.182 0.008 0.133 0.030 0.136
1.183 0.008 0.133 0.030 0.136
1.184 0.008 0.133 0.030 0.136
1.185 0.008 0.132 0.030 0.136
1.186 0.008 0.132 0.030 0.136
1.187 0.008 0.132 0.030 0.136
1.188 0.008 0.132 0.030 0.135
1.189 0.008 0.132 0.030 0.135
1.190 0.008 0.132 0.030 0.135
1.191 0.008 0.132 0.030 0.135
1.192 0.008 0.132 0.030 0.135
1.193 0.008 0.132 0.030 0.135
1.194 0.008 0.131 0.030 0.135
1.195 0.008 0.131 0.030 0.135
1.196 0.008 0.131 0.030 0.135
1.197 0.008 0.131 0.030 0.134
1.198 0.008 0.131 0.029 0.134
1.199 0.008 0.131 0.029 0.134
1.200 0.008 0.131 0.029 0.134
1.201 0.008 0.131 0.029 0.134
1.202 0.008 0.131 0.029 0.134
1.203 0.008 0.130 0.029 0.134
1.204 0.008 0.130 0.029 0.134
1.205 0.008 0.130 0.029 0.134
1.206 0.008 0.130 0.029 0.133
1.207 0.008 0.130 0.029 0.133
1.208 0.008 0.130 0.029 0.133
1.209 0.008 0.130 0.029 0.133
1.210 0.008 0.130 0.029 0.133
1.211 0.008 0.130 0.029 0.133
1.212 0.008 0.129 0.029 0.133
1.213 0.008 0.129 0.029 0.133
1.214 0.008 0.129 0.029 0.132
1.215 0.008 0.129 0.029 0.132
1.216 0.008 0.129 0.029 0.132
1.217 0.008 0.129 0.029 0.132
1.218 0.008 0.129 0.029 0.132
1.219 0.008 0.129 0.029 0.132
1.220 0.008 0.129 0.029 0.132
1.221 0.008 0.128 0.029 0.132
1.222 0.008 0.128 0.029 0.132
1.223 0.008 0.128 0.029 0.132
1.224 0.008 0.128 0.029 0.131
1.225 0.008 0.128 0.029 0.131
1.226 0.008 0.128 0.029 0.131
1.227 0.008 0.128 0.029 0.131
1.228 0.008 0.128 0.029 0.131
1.229 0.008 0.128 0.029 0.131
1.230 0.008 0.127 0.029 0.131
1.231 0.008 0.127 0.029 0.131
1.232 0.008 0.127 0.028 0.131
1.233 0.008 0.127 0.028 0.130
1.234 0.008 0.127 0.028 0.130
1.235 0.008 0.127 0.028 0.130
1.236 0.008 0.127 0.028 0.130
1.237 0.008 0.127 0.028 0.130
1.238 0.008 0.127 0.028 0.130
1.239 0.008 0.127 0.028 0.130
1.240 0.008 0.126 0.028 0.130
1.241 0.008 0.126 0.028 0.130
1.242 0.008 0.126 0.028 0.129
1.243 0.008 0.126 0.028 0.129
1.244 0.008 0.126 0.028 0.129
1.245 0.008 0.126 0.028 0.129
1.246 0.008 0.126 0.028 0.129
1.247 0.008 0.126 0.028 0.129
1.248 0.008 0.126 0.028 0.129
1.249 0.008 0.125 0.028 0.129
1.250 0.008 0.125 0.028 0.129
1.251 0.008 0.125 0.028 0.128
1.252 0.008 0.125 0.028 0.128
1.253 0.008 0.125 0.028 0.128
1.254 0.008 0.125 0.028 0.128
1.255 0.008 0.125 0.028 0.128
1.256 0.008 0.125 0.028 0.128
1.257 0.008 0.125 0.028 0.128
1.258 0.008 0.125 0.028 0.128
1.259 0.008 0.124 0.028 0.128
1.260 0.008 0.124 0.028 0.127
1.261 0.008 0.124 0.028 0.127
1.262 0.008 0.124 0.028 0.127
1.263 0.008 0.124 0.028 0.127
1.264 0.008 0.124 0.028 0.127
1.265 0.008 0.124 0.028 0.127
1.266 0.008 0.124 0.028 0.127
1.267 0.008 0.124 0.028 0.127
1.268 0.008 0.124 0.028 0.127
1.269 0.008 0.123 0.028 0.127
1.270 0.008 0.123 0.027 0.126
1.271 0.008 0.123 0.027 0.126
1.272 0.008 0.123 0.027 0.126
1.273 0.008 0.123 0.027 0.126
1.274 0.008 0.123 0.027 0.126
1.275 0.008 0.123 0.027 0.126
1.276 0.008 0.123 0.027 0.126
1.277 0.008 0.123 0.027 0.126
1.278 0.008 0.122 0.027 0.126
1.279 0.008 0.122 0.027 0.125
1.280 0.008 0.122 0.027 0.125
1.281 0.008 0.122 0.027 0.125
1.282 0.008 0.122 0.027 0.125
1.283 0.008 0.122 0.027 0.125
1.284 0.008 0.122 0.027 0.125
1.285 0.008 0.122 0.027 0.125
1.286 0.008 0.122 0.027 0.125
1.287 0.008 0.122 0.027 0.125
1.288 0.008 0.122 0.027 0.125
1.289 0.008 0.121 0.027 0.124
1.290 0.008 0.121 0.027 0.124
1.291 0.008 0.121 0.027 0.124
1.292 0.008 0.121 0.027 0.124
1.293 0.008 0.121 0.027 0.124
1.294 0.008 0.121 0.027 0.124
1.295 0.008 0.121 0.027 0.124
1.296 0.008 0.121 0.027 0.124
1.297 0.008 0.121 0.027 0.124
1.298 0.008 0.121 0.027 0.123
1.299 0.008 0.120 0.027 0.123
1.300 0.008 0.120 0.027 0.123
1.301 0.008 0.120 0.027 0.123
1.302 0.008 0.120 0.027 0.123
1.303 0.008 0.120 0.027 0.123
1.304 0.008 0.120 0.027 0.123
1.305 0.008 0.120 0.027 0.123
1.306 0.008 0.120 0.027 0.123
1.307 0.008 0.120 0.027 0.123
1.308 0.008 0.120 0.027 0.122
1.309 0.008 0.119 0.027 0.122
1.310 0.008 0.119 0.027 0.122
1.311 0.008 0.119 0.027 0.122
1.312 0.008 0.119 0.027 0.122
1.313 0.008 0.119 0.027 0.122
1.314 0.008 0.119 0.026 0.122
1.315 0.008 0.119 0.026 0.122
1.316 0.008 0.119 0.026 0.122
1.317 0.008 0.119 0.026 0.121
1.318 0.008 0.119 0.026 0.121
1.319 0.008 0.118 0.026 0.121
1.320 0.008 0.118 0.026 0.121
1.321 0.008 0.118 0.026 0.121
1.322 0.008 0.118 0.026 0.121
1.323 0.008 0.118 0.026 0.121
1.324 0.008 0.118 0.026 0.121
1.325 0.008 0.118 0.026 0.121
1.326 0.008 0.118 0.026 0.121
1.327 0.008 0.118 0.026 0.120
1.328 0.008 0.118 0.026 0.120
1.329 0.008 0.118 0.026 0.120
1.330 0.008 0.117 0.026 0.120
1.331 0.008 0.117 0.026 0.120
1.332 0.008 0.117 0.026 0.120
1.333 0.008 0.117 0.026 0.120
1.334 0.008 0.117 0.026 0.120
1.335 0.008 0.117 0.026 0.120
1.336 0.008 0.117 0.026 0.120
1.337 0.008 0.117 0.026 0.119
1.338 0.008 0.117 0.026 0.119
1.339 0.008 0.117 0.026 0.119
1.340 0.008 0.116 0.026 0.119
1.341 0.008 0.116 0.026 0.119
1.342 0.008 0.116 0.026 0.119
1.343 0.008 0.116 0.026 0.119
1.344 0.008 0.116 0.026 0.119
1.345 0.007 0.116 0.026 0.119
1.346 0.007 0.116 0.026 0.118
1.347 0.007 0.116 0.026 0.118
1.348 0.007 0.116 0.026 0.118
1.349 0.007 0.116 0.026 0.118
1.350 0.007 0.116 0.026 0.118
1.351 0.007 0.115 0.026 0.118
1.352 0.007 0.115 0.026 0.118
1.353 0.007 0.115 0.026 0.118
1.354 0.007 0.115 0.026 0.118
1.355 0.007 0.115 0.026 0.118
1.356 0.007 0.115 0.026 0.117
1.357 0.007 0.115 0.026 0.117
1.358 0.007 0.115 0.026 0.117
1.359 0.007 0.115 0.026 0.117
1.360 0.007 0.115 0.026 0.117
1.361 0.007 0.114 0.026 0.117
1.362 0.007 0.114 0.026 0.117
1.363 0.007 0.114 0.025 0.117
1.364 0.007 0.114 0.025 0.117
1.365 0.007 0.114 0.025 0.116
1.366 0.007 0.114 0.025 0.116
1.367 0.007 0.114 0.025 0.116
1.368 0.007 0.114 0.025 0.116
1.369 0.007 0.114 0.025 0.116
1.370 0.007 0.114 0.025 0.116
1.371 0.007 0.114 0.025 0.116
1.372 0.007 0.113 0.025 0.116
1.373 0.007 0.113 0.025 0.116
1.374 0.007 0.113 0.025 0.115
1.375 0.007 0.113 0.025 0.115
1.376 0.007 0.113 0.025 0.115
1.377 0.007 0.113 0.025 0.115
1.378 0.007 0.113 0.025 0.115
1.379 0.007 0.113 0.025 0.115
1.380 0.007 0.113 0.025 0.115
1.381 0.007 0.113 0.025 0.115
1.382 0.007 0.112 0.025 0.115
1.383 0.007 0.112 0.025 0.115
1.384 0.007 0.112 0.025 0.114
1.385 0.007 0.112 0.025 0.114
1.386 0.007 0.112 0.025 0.114
1.387 0.007 0.112 0.025 0.114
1.388 0.007 0.112 0.025 0.114
1.389 0.007 0.112 0.025 0.114
1.390 0.007 0.112 0.025 0.114
1.391 0.007 0.112 0.025 0.114
1.392 0.007 0.112 0.025 0.114
1.393 0.007 0.111 0.025 0.113
1.394 0.007 0.111 0.025 0.113
1.395 0.007 0.111 0.025 0.113
1.396 0.007 0.111 0.025 0.113
1.397 0.007 0.111 0.025 0.113
1.398 0.007 0.111 0.025 0.113
1.399 0.007 0.111 0.025 0.113
1.400 0.007 0.111 0.025 0.113
1.401 0.007 0.111 0.025 0.113
1.402 0.007 0.111 0.025 0.112
1.403 0.007 0.110 0.025 0.112
1.404 0.007 0.110 0.025 0.112
1.405 0.007 0.110 0.025 0.112
1.406 0.007 0.110 0.025 0.112
1.407 0.007 0.110 0.025 0.112
1.408 0.007 0.110 0.025 0.112
1.409 0.007 0.110 0.025 0.112
1.410 0.007 0.110 0.025 0.112
1.411 0.007 0.110 0.025 0.111
1.412 0.007 0.110 0.025 0.111
1.413 0.007 0.109 0.025 0.111
1.414 0.007 0.109 0.025 0.111
1.415 0.007 0.109 0.025 0.111
1.416 0.007 0.109 0.025 0.111
1.417 0.007 0.109 0.024 0.111
1.418 0.007 0.109 0.024 0.111
1.419 0.007 0.109 0.024 0.111
1.420 0.007 0.109 0.024 0.110
1.421 0.007 0.109 0.024 0.110
1.422 0.007 0.109 0.024 0.110
1.423 0.007 0.108 0.024 0.110
1.424 0.007 0.108 0.024 0.110
1.425 0.007 0.108 0.024 0.110
1.426 0.007 0.108 0.024 0.110
1.427 0.007 0.108 0.024 0.110
1.428 0.007 0.108 0.024 0.109
1.429 0.007 0.108 0.024 0.109
1.430 0.007 0.108 0.024 0.109
1.431 0.007 0.108 0.024 0.109
1.432 0.007 0.108 0.024 0.109
1.433 0.007 0.107 0.024 0.109
1.434 0.007 0.107 0.024 0.109
1.435 0.007 0.107 0.024 0.109
1.436 0.007 0.107 0.024 0.109
1.437 0.007 0.107 0.024 0.108
1.438 0.007 0.107 0.024 0.108
1.439 0.007 0.107 0.024 0.108
1.440 0.007 0.107 0.024 0.108
1.441 0.007 0.107 0.024 0.108
1.442 0.007 0.107 0.024 0.108
1.443 0.007 0.106 0.024 0.108
1.444 0.007 0.106 0.024 0.108
1.445 0.007 0.106 0.024 0.107
1.446 0.007 0.106 0.024 0.107
1.447 0.007 0.106 0.024 0.107
1.448 0.007 0.106 0.024 0.107
1.449 0.007 0.106 0.024 0.107
1.450 0.007 0.106 0.024 0.107
1.451 0.007 0.106 0.024 0.107
1.452 0.007 0.105 0.024 0.107
1.453 0.007 0.105 0.024 0.106
1.454 0.007 0.105 0.024 0.106
1.455 0.007 0.105 0.024 0.106
1.456 0.007 0.105 0.024 0.106
1.457 0.007 0.105 0.024 0.106
1.458 0.007 0.105 0.024 0.106
1.459 0.007 0.105 0.024 0.106
1.460 0.007 0.104 0.024 0.106
1.461 0.007 0.104 0.024 0.105
1.462 0.007 0.104 0.024 0.105
1.463 0.007 0.104 0.024 0.105
1.464 0.007 0.104 0.024 0.105
1.465 0.007 0.104 0.024 0.105
1.466 0.007 0.104 0.024 0.105
1.467 0.007 0.104 0.024 0.105
1.468 0.007 0.103 0.024 0.104
1.469 0.007 0.103 0.024 0.104
1.470 0.007 0.103 0.024 0.104
1.471 0.007 0.103 0.024 0.104
1.472 0.007 0.103 0.024 0.104
1.473 0.007 0.103 0.024 0.104
1.474 0.007 0.103 0.024 0.104
1.475 0.007 0.103 0.023 0.104
1.476 0.007 0.102 0.023 0.103
1.477 0.007 0.102 0.023 0.103
1.478 0.007 0.102 0.023 0.103
1.479 0.007 0.102 0.023 0.103
1.480 0.007 0.102 0.023 0.103
1.481 0.007 0.102 0.023 0.103
1.482 0.007 0.102 0.023 0.103
1.483 0.007 0.101 0.023 0.102
1.484 0.007 0.101 0.023 0.102
1.485 0.007 0.101 0.023 0.102
1.486 0.007 0.101 0.023 0.102
1.487 0.007 0.101 0.023 0.102
1.488 0.007 0.101 0.023 0.102
1.489 0.007 0.101 0.023 0.102
1.490 0.007 0.100 0.023 0.101
1.491 0.007 0.100 0.023 0.101
1.492 0.007 0.100 0.023 0.101
1.493 0.007 0.100 0.023 0.101
1.494 0.007 0.100 0.023 0.101
1.495 0.007 0.100 0.023 0.101
1.496 0.007 0.099 0.023 0.100
1.497 0.007 0.099 0.023 0.100
1.498 0.007 0.099 0.023 0.100
1.499 0.007 0.099 0.023 0.100
1.500 0.007 0.099 0.023 0.100
1.501 0.007 0.099 0.023 0.100
1.502 0.007 0.098 0.023 0.100
1.503 0.007 0.098 0.023 0.099
1.504 0.007 0.098 0.023 0.099
1.505 0.007 0.098 0.023 0.099
1.506 0.007 0.098 0.023 0.099
1.507 0.007 0.098 0.023 0.099
1.508 0.007 0.097 0.023 0.099
1.509 0.007 0.097 0.023 0.098
1.510 0.007 0.097 0.023 0.098
1.511 0.007 0.097 0.023 0.098
1.512 0.007 0.097 0.023 0.098
1.513 0.007 0.096 0.023 0.098
1.514 0.007 0.096 0.023 0.098
1.515 0.007 0.096 0.023 0.097
1.516 0.007 0.096 0.023 0.097
1.517 0.007 0.095 0.023 0.097
1.518 0.007 0.095 0.023 0.097
1.519 0.007 0.095 0.023 0.097
1.520 0.007 0.095 0.023 0.097
1.521 0.007 0.094 0.023 0.097
1.522 0.007 0.094 0.023 0.096
1.523 0.007 0.094 0.023 0.096
1.524 0.007 0.094 0.023 0.096
1.525 0.007 0.093 0.023 0.096
1.526 0.007 0.093 0.023 0.096
1.527 0.007 0.093 0.022 0.096
1.528 0.007 0.092 0.022 0.095
1.529 0.007 0.092 0.022 0.095
1.530 0.007 0.092 0.022 0.095
1.531 0.007 0.092 0.022 0.095
1.532 0.007 0.091 0.022 0.095
1.533 0.007 0.091 0.022 0.095
1.534 0.007 0.090 0.022 0.094
1.535 0.007 0.090 0.022 0.094
1.536 0.007 0.090 0.022 0.094
1.537 0.007 0.089 0.022 0.094
1.538 0.007 0.089 0.022 0.094
1.539 0.007 0.089 0.022 0.094
1.540 0.007 0.088 0.022 0.093
1.541 0.007 0.088 0.022 0.093
1.542 0.007 0.087 0.022 0.093
1.543 0.007 0.087 0.022 0.093
1.544 0.007 0.086 0.022 0.093
1.545 0.007 0.086 0.022 0.093
1.546 0.007 0.085 0.022 0.093
1.547 0.007 0.084 0.022 0.092
1.548 0.007 0.084 0.022 0.092
1.549 0.007 0.083 0.022 0.092
1.550 0.007 0.083 0.022 0.092
1.551 0.007 0.082 0.022 0.092
1.552 0.007 0.081 0.022 0.092
1.553 0.007 0.080 0.022 0.092
1.554 0.007 0.080 0.022 0.092
1.555 0.007 0.079 0.022 0.091
1.556 0.007 0.078 0.022 0.091
1.557 0.007 0.077 0.022 0.091
1.558 0.007 0.076 0.022 0.091
1.559 0.007 0.075 0.022 0.091
1.560 0.007 0.074 0.022 0.091
1.561 0.007 0.073 0.022 0.091
1.562 0.006 0.072 0.021 0.090
1.563 0.006 0.071 0.021 0.090
1.564 0.006 0.070 0.021 0.090
1.565 0.006 0.069 0.021 0.090
1.566 0.006 0.067 0.021 0.090
1.567 0.006 0.066 0.021 0.089
1.568 0.006 0.065 0.021 0.089
1.569 0.006 0.064 0.021 0.089
1.570 0.006 0.062 0.021 0.089
