                                    0.200000                            0.400000                            0.600000                            0.800000                            1.000000                            1.200000                            1.400000                            1.600000                            1.800000                            2.000000
0.100000 1.086252 0.046956 0.083381 0.083371 1.172505 0.093911 0.167001 0.166910 1.258757 0.140867 0.251048 0.250415 1.345010 0.187822 0.335706 0.334299 1.431262 0.234778 0.421162 0.418180 1.517515 0.281733 0.507597 0.502255 1.603767 0.328689 0.595192 0.586606 1.690020 0.375644 0.684123 0.670910 1.776272 0.422600 0.774561 0.755716 1.862525 0.469555 0.866673 0.840681
0.116953 1.103830 0.043108 0.078346 0.078358 1.207659 0.086216 0.156914 0.156859 1.311489 0.129325 0.235863 0.235488 1.415318 0.172433 0.315353 0.314173 1.519148 0.215541 0.395546 0.392998 1.622977 0.258649 0.476598 0.472380 1.726807 0.301758 0.558666 0.551495 1.830637 0.344866 0.641904 0.631018 1.934466 0.387974 0.726461 0.711418 2.038296 0.431082 0.812485 0.791499
0.134167 1.119392 0.039377 0.073026 0.072990 1.238783 0.078753 0.146256 0.146217 1.358175 0.118130 0.219824 0.219483 1.477566 0.157507 0.293867 0.292948 1.596958 0.196883 0.368520 0.366702 1.716349 0.236260 0.443920 0.440602 1.835741 0.275637 0.520201 0.514689 1.955132 0.315013 0.597495 0.588964 2.074524 0.354390 0.675932 0.664001 2.193915 0.393767 0.755639 0.738753
0.151647 1.132616 0.035858 0.067620 0.067618 1.265232 0.071716 0.135425 0.135428 1.397848 0.107574 0.203530 0.203240 1.530464 0.143431 0.272048 0.271418 1.663081 0.179289 0.341094 0.339646 1.795697 0.215147 0.410783 0.408177 1.928313 0.251005 0.481231 0.477044 2.060929 0.286863 0.552550 0.545834 2.193545 0.322721 0.624853 0.615227 2.326161 0.358578 0.698248 0.685234
0.169396 1.143522 0.032610 0.062305 0.062343 1.287044 0.065220 0.124778 0.124835 1.430566 0.097829 0.187515 0.187416 1.574089 0.130439 0.250612 0.249872 1.717611 0.163049 0.314164 0.313131 1.861133 0.195659 0.378269 0.376239 2.004655 0.228269 0.443025 0.439705 2.148177 0.260879 0.508529 0.503870 2.291699 0.293488 0.574876 0.567848 2.435222 0.326098 0.642161 0.632060
0.187418 1.152247 0.029660 0.057222 0.057156 1.304494 0.059319 0.114597 0.114565 1.456741 0.088979 0.172204 0.172149 1.608989 0.118638 0.230124 0.229768 1.761236 0.148298 0.288437 0.287568 1.913483 0.177957 0.347226 0.345535 2.065730 0.207617 0.406575 0.403891 2.217977 0.237277 0.466565 0.462583 2.370224 0.266936 0.527279 0.521599 2.522472 0.296596 0.588799 0.580909
0.205718 1.159081 0.027011 0.052468 0.052458 1.318162 0.054023 0.105076 0.105032 1.477243 0.081034 0.157888 0.157742 1.636323 0.108045 0.210974 0.210758 1.795404 0.135057 0.264400 0.263723 1.954485 0.162068 0.318238 0.316853 2.113566 0.189079 0.372557 0.370734 2.272647 0.216091 0.427430 0.424449 2.431728 0.243102 0.482926 0.478410 2.590809 0.270113 0.539118 0.532636
0.224301 1.164277 0.024659 0.048108 0.048096 1.328554 0.049317 0.096342 0.096390 1.492831 0.073976 0.144758 0.144642 1.657108 0.098634 0.193414 0.193314 1.821385 0.123293 0.242367 0.241844 1.985662 0.147951 0.291677 0.290572 2.149939 0.172610 0.341405 0.340033 2.314216 0.197269 0.391613 0.389075 2.478493 0.221927 0.442361 0.438768 2.642770 0.246586 0.493713 0.488703
0.243169 1.168176 0.022571 0.044147 0.044173 1.336351 0.045143 0.088409 0.088392 1.504527 0.067714 0.132834 0.132798 1.672703 0.090286 0.177469 0.177190 1.840879 0.112857 0.222366 0.221995 2.009054 0.135429 0.267576 0.266843 2.177230 0.158000 0.313150 0.312010 2.345406 0.180572 0.359143 0.357084 2.513582 0.203143 0.405607 0.402911 2.681757 0.225715 0.452598 0.448695
0.262329 1.170992 0.020734 0.040596 0.040648 1.341985 0.041467 0.081297 0.081258 1.512977 0.062201 0.122144 0.122090 1.683970 0.082934 0.163179 0.163187 1.854962 0.103668 0.204444 0.204092 2.025954 0.124402 0.245985 0.245172 2.196947 0.145135 0.287848 0.286802 2.367939 0.165869 0.330078 0.328636 2.538931 0.186602 0.372723 0.370442 2.709924 0.207336 0.415831 0.412718
0.281783 1.172967 0.019114 0.037427 0.037429 1.345934 0.038228 0.074951 0.074979 1.518900 0.057341 0.112606 0.112479 1.691867 0.076455 0.150429 0.150273 1.864834 0.095569 0.188458 0.188183 2.037801 0.114683 0.226732 0.226222 2.210767 0.133797 0.265290 0.264612 2.383734 0.152911 0.304175 0.302907 2.556701 0.172024 0.343427 0.341593 2.729668 0.191138 0.383091 0.380417
0.301538 1.174285 0.017686 0.034610 0.034589 1.348569 0.035372 0.069309 0.069341 1.522854 0.053058 0.104128 0.104078 1.697138 0.070744 0.139098 0.138844 1.871423 0.088430 0.174253 0.174066 2.045708 0.106116 0.209626 0.209304 2.219992 0.123802 0.245254 0.244600 2.394277 0.141488 0.281173 0.280019 2.568561 0.159174 0.317421 0.315968 2.742846 0.176860 0.354035 0.352231
0.321597 1.175083 0.016425 0.032110 0.032091 1.350165 0.032851 0.064303 0.064313 1.525248 0.049276 0.096604 0.096574 1.700331 0.065702 0.129043 0.128889 1.875413 0.082127 0.161649 0.161483 2.050496 0.098553 0.194452 0.194277 2.225579 0.114978 0.227483 0.226764 2.400661 0.131403 0.260777 0.260004 2.575744 0.147829 0.294366 0.293237 2.750827 0.164254 0.328285 0.326649
0.341965 1.175494 0.015310 0.029891 0.029876 1.350988 0.030619 0.059859 0.059879 1.526482 0.045929 0.089927 0.089922 1.701976 0.061239 0.120120 0.120019 1.877469 0.076548 0.150464 0.150337 2.052963 0.091858 0.180988 0.180872 2.228457 0.107168 0.211718 0.211150 2.403951 0.122478 0.242686 0.242109 2.579445 0.137787 0.273921 0.272901 2.754939 0.153097 0.305454 0.304066
0.362647 1.175586 0.014319 0.027919 0.027905 1.351171 0.028638 0.055909 0.055887 1.526757 0.042957 0.083992 0.083994 1.702342 0.057275 0.112189 0.112108 1.877928 0.071594 0.140524 0.140335 2.053514 0.085913 0.169022 0.168857 2.229099 0.100232 0.197710 0.197239 2.404685 0.114551 0.226613 0.226109 2.580271 0.128870 0.255759 0.254926 2.755856 0.143189 0.285177 0.284042
0.383648 1.175455 0.013436 0.026161 0.026148 1.350911 0.026871 0.052389 0.052406 1.526366 0.040307 0.078702 0.078700 1.701822 0.053742 0.105120 0.105042 1.877277 0.067178 0.131666 0.131576 2.052733 0.080613 0.158361 0.158299 2.228188 0.094049 0.185229 0.184803 2.403643 0.107484 0.212294 0.211897 2.579099 0.120920 0.239582 0.238850 2.754554 0.134355 0.267119 0.266130
0.404972 1.175122 0.012646 0.024592 0.024578 1.350244 0.025292 0.049246 0.049256 1.525366 0.037938 0.073979 0.073966 1.700489 0.050585 0.098810 0.098719 1.875611 0.063231 0.123759 0.123683 2.050733 0.075877 0.148845 0.148768 2.225855 0.088523 0.174089 0.173693 2.400977 0.101169 0.199516 0.199153 2.576099 0.113815 0.225147 0.224503 2.751221 0.126462 0.251007 0.250176
0.426626 1.174663 0.011936 0.023183 0.023172 1.349326 0.023872 0.046424 0.046454 1.523990 0.035808 0.069740 0.069726 1.698653 0.047744 0.093145 0.093035 1.873316 0.059681 0.116660 0.116558 2.047979 0.071617 0.140302 0.140247 2.222642 0.083553 0.164090 0.163830 2.397305 0.095489 0.188046 0.187662 2.571969 0.107425 0.212191 0.211763 2.746632 0.119361 0.236547 0.235914
0.448612 1.174080 0.011293 0.021911 0.021897 1.348161 0.022587 0.043876 0.043913 1.522241 0.033880 0.065911 0.065885 1.696321 0.045173 0.088030 0.087895 1.870401 0.056466 0.110249 0.110187 2.044482 0.067760 0.132587 0.132572 2.218562 0.079053 0.155061 0.154838 2.392642 0.090346 0.177690 0.177271 2.566723 0.101639 0.200495 0.200022 2.740803 0.112933 0.223494 0.222992
0.470938 1.173422 0.010711 0.020761 0.020764 1.346845 0.021422 0.041573 0.041596 1.520267 0.032133 0.062450 0.062413 1.693690 0.042844 0.083406 0.083330 1.867112 0.053555 0.104456 0.104369 2.040535 0.064266 0.125615 0.125546 2.213957 0.074977 0.146902 0.146726 2.387380 0.085688 0.168332 0.168025 2.560802 0.096399 0.189925 0.189605 2.734225 0.107110 0.211700 0.211155
0.493608 1.172679 0.010180 0.019715 0.019726 1.345357 0.020360 0.039478 0.039491 1.518036 0.030541 0.059302 0.059262 1.690714 0.040721 0.079200 0.079155 1.863393 0.050901 0.099186 0.099144 2.036072 0.061081 0.119275 0.119149 2.208750 0.071261 0.139482 0.139417 2.381429 0.081442 0.159823 0.159594 2.554107 0.091622 0.180315 0.179968 2.726786 0.101802 0.200977 0.200375
0.516627 1.171889 0.009695 0.018761 0.018769 1.343779 0.019390 0.037568 0.037568 1.515668 0.029086 0.056433 0.056408 1.687557 0.038781 0.075366 0.075410 1.859447 0.048476 0.094382 0.094309 2.031336 0.058171 0.113494 0.113362 2.203226 0.067867 0.132717 0.132649 2.375115 0.077562 0.152065 0.151854 2.547004 0.087257 0.171554 0.171187 2.718894 0.096952 0.191202 0.190687
0.540001 1.171044 0.009249 0.017885 0.017889 1.342087 0.018497 0.035814 0.035801 1.513131 0.027746 0.053796 0.053791 1.684174 0.036994 0.071844 0.071897 1.855218 0.046243 0.089969 0.089927 2.026261 0.055492 0.108184 0.108035 2.197305 0.064740 0.126503 0.126373 2.368348 0.073989 0.144939 0.144810 2.539392 0.083237 0.163508 0.163243 2.710435 0.092486 0.182224 0.181872
0.563735 1.170169 0.008837 0.017079 0.017096 1.340337 0.017673 0.034198 0.034178 1.510506 0.026510 0.051369 0.051344 1.680674 0.035347 0.068601 0.068642 1.850843 0.044183 0.085907 0.085888 2.021012 0.053020 0.103296 0.103284 2.191180 0.061856 0.120783 0.120625 2.361349 0.070693 0.138380 0.138184 2.531518 0.079530 0.156102 0.155898 2.701686 0.088366 0.173962 0.173748
0.587835 1.169250 0.008456 0.016335 0.016348 1.338501 0.016912 0.032709 0.032713 1.507751 0.025368 0.049131 0.049122 1.677001 0.033824 0.065611 0.065612 1.846252 0.042280 0.082160 0.082099 2.015502 0.050736 0.098788 0.098767 2.184752 0.059193 0.115508 0.115418 2.354003 0.067649 0.132332 0.132142 2.523253 0.076105 0.149272 0.149085 2.692504 0.084561 0.166343 0.166087
0.612306 1.168311 0.008103 0.015645 0.015654 1.336621 0.016205 0.031327 0.031328 1.504932 0.024308 0.047055 0.047062 1.673243 0.032411 0.062838 0.062802 1.841554 0.040513 0.078686 0.078681 2.009864 0.048616 0.094609 0.094579 2.178175 0.056719 0.110618 0.110545 2.346486 0.064821 0.126725 0.126569 2.514797 0.072924 0.142941 0.142759 2.683107 0.081027 0.159280 0.159046
0.637155 1.167342 0.007774 0.015004 0.015009 1.334684 0.015547 0.030043 0.030032 1.502026 0.023321 0.045126 0.045156 1.669369 0.031094 0.060260 0.060211 1.836711 0.038868 0.075456 0.075437 2.004053 0.046641 0.090723 0.090667 2.171395 0.054415 0.106071 0.105962 2.338737 0.062189 0.121511 0.121512 2.506079 0.069962 0.137055 0.136879 2.673422 0.077736 0.152714 0.152408
0.662386 1.166356 0.007466 0.014406 0.014409 1.332712 0.014932 0.028845 0.028823 1.499067 0.022399 0.043326 0.043332 1.665423 0.029865 0.057856 0.057827 1.831779 0.037331 0.072444 0.072377 1.998135 0.044797 0.087099 0.087045 2.164490 0.052264 0.101831 0.101755 2.330846 0.059730 0.116650 0.116616 2.497202 0.067196 0.131567 0.131429 2.663558 0.074662 0.146592 0.146431
0.688007 1.165350 0.007179 0.013846 0.013846 1.330700 0.014357 0.027725 0.027742 1.496050 0.021536 0.041643 0.041627 1.661400 0.028714 0.055608 0.055619 1.826750 0.035893 0.069627 0.069584 1.992100 0.043071 0.083711 0.083665 2.157450 0.050250 0.097867 0.097797 2.322800 0.057429 0.112105 0.111998 2.488150 0.064607 0.126436 0.126254 2.653500 0.071786 0.140869 0.140687
0.714022 1.164327 0.006909 0.013323 0.013320 1.328653 0.013818 0.026677 0.026695 1.492980 0.020727 0.040068 0.040059 1.657307 0.027637 0.053504 0.053536 1.821633 0.034546 0.066992 0.066977 1.985960 0.041455 0.080540 0.080475 2.150287 0.048364 0.094158 0.094165 2.314613 0.055273 0.107853 0.107752 2.478940 0.062182 0.121635 0.121503 2.643267 0.069092 0.135515 0.135333
0.740438 1.163291 0.006655 0.012831 0.012829 1.326582 0.013311 0.025691 0.025697 1.489874 0.019966 0.038587 0.038558 1.653165 0.026622 0.051525 0.051521 1.816456 0.033277 0.064513 0.064499 1.979747 0.039932 0.077557 0.077550 2.143039 0.046588 0.090668 0.090673 2.306330 0.053243 0.103852 0.103769 2.469621 0.059898 0.117119 0.117047 2.632912 0.066554 0.130478 0.130331
0.767261 1.162240 0.006417 0.012368 0.012373 1.324480 0.012834 0.024764 0.024762 1.486719 0.019250 0.037194 0.037186 1.648959 0.025667 0.049665 0.049646 1.811199 0.032084 0.062182 0.062187 1.973439 0.038501 0.074754 0.074745 2.135678 0.044917 0.087388 0.087338 2.297918 0.051334 0.100092 0.100062 2.460158 0.057751 0.112875 0.112812 2.622398 0.064168 0.125745 0.125624
0.794498 1.161182 0.006192 0.011932 0.011934 1.322364 0.012383 0.023890 0.023900 1.483546 0.018575 0.035881 0.035913 1.644728 0.024766 0.047911 0.047885 1.805910 0.030958 0.059985 0.059971 1.967093 0.037149 0.072111 0.072095 2.128275 0.043341 0.084296 0.084253 2.289457 0.049532 0.096547 0.096516 2.450639 0.055724 0.108873 0.108711 2.611821 0.061915 0.121282 0.121125
0.822154 1.160109 0.005979 0.011519 0.011520 1.320219 0.011957 0.023064 0.023064 1.480328 0.017936 0.034641 0.034651 1.640437 0.023914 0.046253 0.046237 1.800546 0.029893 0.057909 0.057893 1.960656 0.035872 0.069613 0.069569 2.120765 0.041850 0.081374 0.081290 2.280874 0.047829 0.093198 0.093162 2.440984 0.053808 0.105093 0.105027 2.601093 0.059786 0.117067 0.116971
0.850237 1.159032 0.005777 0.011129 0.011127 1.318064 0.011554 0.022283 0.022278 1.477097 0.017331 0.033467 0.033458 1.636129 0.023108 0.044685 0.044698 1.795161 0.028885 0.055944 0.055931 1.954193 0.034662 0.067250 0.067198 2.113226 0.040439 0.078610 0.078615 2.272258 0.046216 0.090030 0.090002 2.431290 0.051993 0.101517 0.101438 2.590322 0.057770 0.113079 0.112927
0.878752 1.157943 0.005586 0.010760 0.010756 1.315885 0.011172 0.021544 0.021529 1.473828 0.016759 0.032356 0.032329 1.631770 0.022345 0.043201 0.043200 1.789713 0.027931 0.054085 0.054095 1.947656 0.033517 0.065014 0.064952 2.105598 0.039103 0.075994 0.076011 2.263541 0.044690 0.087031 0.086977 2.421483 0.050276 0.098133 0.098073 2.579426 0.055862 0.109305 0.109230
0.907707 1.156851 0.005405 0.010409 0.010408 1.313703 0.010809 0.020841 0.020838 1.470554 0.016214 0.031300 0.031296 1.627406 0.021619 0.041790 0.041814 1.784257 0.027023 0.052318 0.052303 1.941109 0.032428 0.062889 0.062923 2.097960 0.037833 0.073508 0.073476 2.254812 0.043237 0.084182 0.084103 2.411663 0.048642 0.094916 0.094844 2.568515 0.054047 0.105719 0.105660
0.937108 1.155749 0.005232 0.010076 0.010072 1.311497 0.010465 0.020174 0.020182 1.467246 0.015697 0.030298 0.030287 1.622994 0.020930 0.040452 0.040455 1.778743 0.026162 0.050642 0.050634 1.934491 0.031394 0.060872 0.060876 2.090240 0.036627 0.071149 0.071110 2.245988 0.041859 0.081478 0.081484 2.401737 0.047092 0.091865 0.091857 2.557485 0.052324 0.102316 0.102256
0.966963 1.154647 0.005068 0.009759 0.009753 1.309293 0.010137 0.019539 0.019553 1.463940 0.015205 0.029344 0.029349 1.618587 0.020274 0.039178 0.039157 1.773233 0.025342 0.049046 0.049030 1.927880 0.030410 0.058953 0.058947 2.082527 0.035479 0.068905 0.068907 2.237173 0.040547 0.078905 0.078893 2.391820 0.045616 0.088962 0.088862 2.546466 0.050684 0.099079 0.098976
0.997277 1.153533 0.004912 0.009457 0.009449 1.307066 0.009824 0.018935 0.018942 1.460599 0.014736 0.028436 0.028468 1.614132 0.019648 0.037965 0.037935 1.767664 0.024561 0.047527 0.047503 1.921197 0.029473 0.057125 0.057084 2.074730 0.034385 0.066766 0.066768 2.228263 0.039297 0.076455 0.076394 2.381796 0.044209 0.086196 0.086166 2.535329 0.049121 0.095996 0.095938
1.028059 1.152421 0.004763 0.009169 0.009159 1.304842 0.009526 0.018358 0.018359 1.457263 0.014289 0.027569 0.027585 1.609684 0.019052 0.036808 0.036816 1.762105 0.023815 0.046077 0.046076 1.914526 0.028578 0.055382 0.055360 2.066948 0.033341 0.064727 0.064702 2.219369 0.038104 0.074118 0.074095 2.371790 0.042867 0.083559 0.083535 2.524211 0.047630 0.093056 0.092989
1.059315 1.151300 0.004621 0.008895 0.008892 1.302600 0.009242 0.017808 0.017801 1.453900 0.013862 0.026743 0.026743 1.605201 0.018483 0.035704 0.035717 1.756501 0.023104 0.044695 0.044683 1.907801 0.027725 0.053720 0.053712 2.059101 0.032346 0.062783 0.062736 2.210401 0.036967 0.071890 0.071902 2.361701 0.041587 0.081045 0.080993 2.513001 0.046208 0.090253 0.090223
1.091052 1.150183 0.004485 0.008632 0.008635 1.300365 0.008969 0.017282 0.017271 1.450548 0.013454 0.025953 0.025952 1.600731 0.017939 0.034649 0.034646 1.750914 0.022423 0.043373 0.043403 1.901096 0.026908 0.052130 0.052167 2.051279 0.031393 0.060923 0.060953 2.201462 0.035877 0.069758 0.069759 2.351644 0.040362 0.078639 0.078603 2.501827 0.044847 0.087571 0.087556
1.123279 1.149056 0.004355 0.008381 0.008382 1.298112 0.008709 0.016779 0.016762 1.447168 0.013064 0.025198 0.025191 1.596224 0.017418 0.033640 0.033636 1.745281 0.021773 0.042110 0.042107 1.894337 0.026128 0.050610 0.050615 2.043393 0.030482 0.059146 0.059176 2.192449 0.034837 0.067722 0.067683 2.341505 0.039192 0.076341 0.076359 2.490561 0.043546 0.085009 0.084955
1.156003 1.147935 0.004230 0.008141 0.008142 1.295870 0.008460 0.016298 0.016287 1.443806 0.012690 0.024475 0.024472 1.591741 0.016920 0.032674 0.032663 1.739676 0.021150 0.040900 0.040899 1.887611 0.025380 0.049156 0.049138 2.035546 0.029610 0.057445 0.057417 2.183481 0.033840 0.065772 0.065746 2.331417 0.038071 0.074141 0.074162 2.479352 0.042301 0.082557 0.082512
1.189230 1.146806 0.004111 0.007911 0.007914 1.293612 0.008222 0.015837 0.015839 1.440418 0.012333 0.023783 0.023766 1.587223 0.016443 0.031750 0.031749 1.734029 0.020554 0.039743 0.039732 1.880835 0.024665 0.047764 0.047759 2.027641 0.028776 0.055817 0.055758 2.174447 0.032887 0.063906 0.063893 2.321253 0.036998 0.072036 0.071988 2.468058 0.041108 0.080211 0.080186
1.222970 1.145683 0.003996 0.007690 0.007697 1.291365 0.007993 0.015395 0.015419 1.437048 0.011989 0.023118 0.023121 1.582731 0.015985 0.030863 0.030870 1.728413 0.019982 0.038631 0.038618 1.874096 0.023978 0.046427 0.046420 2.019779 0.027974 0.054254 0.054264 2.165461 0.031970 0.062115 0.062100 2.311144 0.035967 0.070015 0.069952 2.456827 0.039963 0.077958 0.077918
1.257230 1.144552 0.003887 0.007478 0.007485 1.289104 0.007773 0.014971 0.014989 1.433657 0.011660 0.022481 0.022488 1.578209 0.015546 0.030012 0.030004 1.722761 0.019433 0.037565 0.037590 1.867313 0.023319 0.045145 0.045132 2.011866 0.027206 0.052755 0.052742 2.156418 0.031092 0.060398 0.060369 2.300970 0.034979 0.068078 0.068072 2.445522 0.038865 0.075798 0.075763
1.292018 1.143431 0.003781 0.007274 0.007280 1.286861 0.007562 0.014564 0.014575 1.430292 0.011343 0.021870 0.021878 1.573723 0.015124 0.029195 0.029165 1.717154 0.018905 0.036542 0.036544 1.860584 0.022686 0.043915 0.043905 2.004015 0.026467 0.051316 0.051302 2.147446 0.030248 0.058749 0.058779 2.290876 0.034029 0.066217 0.066227 2.434307 0.037810 0.073724 0.073704
1.327342 1.142299 0.003680 0.007078 0.007082 1.284598 0.007359 0.014172 0.014179 1.426897 0.011039 0.021281 0.021289 1.569196 0.014718 0.028409 0.028429 1.711495 0.018398 0.035558 0.035574 1.853793 0.022078 0.042732 0.042745 1.996092 0.025757 0.049932 0.049924 2.138391 0.029437 0.057163 0.057165 2.280690 0.033116 0.064428 0.064427 2.422989 0.036796 0.071731 0.071718
1.363211 1.141179 0.003582 0.006889 0.006892 1.282358 0.007164 0.013796 0.013797 1.423538 0.010746 0.020716 0.020719 1.564717 0.014328 0.027654 0.027659 1.705896 0.017910 0.034612 0.034610 1.847075 0.021492 0.041594 0.041581 1.988255 0.025074 0.048602 0.048590 2.129434 0.028656 0.055639 0.055633 2.270613 0.032238 0.062709 0.062694 2.411792 0.035820 0.069814 0.069780
1.399632 1.140050 0.003488 0.006708 0.006713 1.280099 0.006976 0.013434 0.013429 1.420149 0.010465 0.020172 0.020170 1.560198 0.013953 0.026927 0.026936 1.700248 0.017441 0.033702 0.033686 1.840297 0.020929 0.040500 0.040501 1.980347 0.024418 0.047323 0.047321 2.120396 0.027906 0.054173 0.054127 2.260446 0.031394 0.061055 0.061010 2.400495 0.034882 0.067971 0.067973
1.436615 1.138933 0.003398 0.006533 0.006537 1.277866 0.006796 0.013085 0.013074 1.416798 0.010194 0.019648 0.019649 1.555731 0.013591 0.026228 0.026235 1.694664 0.016989 0.032826 0.032791 1.833597 0.020387 0.039447 0.039429 1.972529 0.023785 0.046091 0.046092 2.111462 0.027183 0.052762 0.052811 2.250395 0.030581 0.059463 0.059472 2.389328 0.033979 0.066197 0.066151
1.474167 1.137805 0.003311 0.006365 0.006368 1.275610 0.006622 0.012749 0.012738 1.413415 0.009932 0.019143 0.019133 1.551220 0.013243 0.025554 0.025542 1.689025 0.016554 0.031982 0.031973 1.826830 0.019865 0.038431 0.038416 1.964636 0.023175 0.044904 0.044908 2.102441 0.026486 0.051402 0.051413 2.240246 0.029797 0.057929 0.057948 2.378051 0.033108 0.064487 0.064463
1.512298 1.136694 0.003227 0.006205 0.006205 1.273387 0.006454 0.012425 0.012416 1.410081 0.009680 0.018657 0.018637 1.546774 0.012907 0.024904 0.024895 1.683468 0.016134 0.031168 0.031195 1.820162 0.019361 0.037452 0.037449 1.956855 0.022587 0.043759 0.043747 2.093549 0.025814 0.050091 0.050051 2.230242 0.029041 0.056449 0.056427 2.366936 0.032268 0.062839 0.062837
1.551017 1.135569 0.003146 0.006050 0.006047 1.271138 0.006291 0.012112 0.012120 1.406707 0.009437 0.018187 0.018204 1.542276 0.012583 0.024276 0.024258 1.677845 0.015729 0.030383 0.030393 1.813414 0.018874 0.036508 0.036529 1.948983 0.022020 0.042655 0.042626 2.084552 0.025166 0.048825 0.048847 2.220121 0.028312 0.055022 0.055019 2.355690 0.031457 0.061248 0.061221
1.590333 1.134464 0.003068 0.005902 0.005895 1.268928 0.006135 0.011811 0.011825 1.403392 0.009203 0.017734 0.017748 1.537856 0.012270 0.023672 0.023672 1.672320 0.015338 0.029625 0.029618 1.806784 0.018405 0.035597 0.035599 1.941248 0.021473 0.041590 0.041619 2.075712 0.024541 0.047606 0.047619 2.210176 0.027608 0.053647 0.053662 2.344640 0.030676 0.059715 0.059679
1.630255 1.133342 0.002992 0.005760 0.005756 1.266685 0.005984 0.011520 0.011529 1.400027 0.008976 0.017297 0.017299 1.533369 0.011968 0.023088 0.023101 1.666712 0.014960 0.028894 0.028865 1.800054 0.017952 0.034718 0.034711 1.933396 0.020945 0.040562 0.040566 2.066738 0.023937 0.046428 0.046414 2.200081 0.026929 0.052318 0.052317 2.333423 0.029921 0.058235 0.058243
1.670792 1.132245 0.002919 0.005622 0.005614 1.264489 0.005838 0.011238 0.011242 1.396734 0.008757 0.016874 0.016867 1.528979 0.011676 0.022523 0.022520 1.661223 0.014596 0.028187 0.028196 1.793468 0.017515 0.033868 0.033877 1.925713 0.020434 0.039568 0.039568 2.057957 0.023353 0.045290 0.045255 2.190202 0.026272 0.051034 0.050999 2.322447 0.029191 0.056804 0.056781
1.711953 1.131128 0.002849 0.005489 0.005477 1.262256 0.005697 0.010966 0.010965 1.393384 0.008546 0.016466 0.016461 1.524511 0.011395 0.021978 0.021976 1.655639 0.014243 0.027505 0.027517 1.786767 0.017092 0.033048 0.033054 1.917895 0.019941 0.038609 0.038580 2.049023 0.022789 0.044191 0.044220 2.180151 0.025638 0.049794 0.049800 2.311279 0.028487 0.055423 0.055381
1.753749 1.130037 0.002780 0.005358 0.005345 1.260075 0.005561 0.010703 0.010702 1.390112 0.008341 0.016071 0.016065 1.520150 0.011122 0.021450 0.021442 1.650187 0.013902 0.026844 0.026840 1.780224 0.016682 0.032253 0.032249 1.910262 0.019463 0.037680 0.037670 2.040299 0.022243 0.043126 0.043135 2.170337 0.025024 0.048594 0.048591 2.300374 0.027804 0.054086 0.054084
1.796189 1.128926 0.002714 0.005231 0.005226 1.257852 0.005429 0.010449 0.010442 1.386777 0.008143 0.015689 0.015684 1.515703 0.010858 0.020940 0.020935 1.644629 0.013572 0.026205 0.026194 1.773555 0.016287 0.031485 0.031477 1.902481 0.019001 0.036782 0.036789 2.031406 0.021716 0.042098 0.042078 2.160332 0.024430 0.047434 0.047411 2.289258 0.027145 0.052794 0.052797
1.839284 1.127845 0.002651 0.005105 0.005101 1.255691 0.005301 0.010203 0.010199 1.383536 0.007952 0.015319 0.015324 1.511381 0.010603 0.020447 0.020443 1.639226 0.013253 0.025587 0.025576 1.767072 0.015904 0.030743 0.030742 1.894917 0.018555 0.035914 0.035923 2.022762 0.021205 0.041103 0.041101 2.150608 0.023856 0.046313 0.046299 2.278453 0.026507 0.051544 0.051536
1.883042 1.126739 0.002589 0.004980 0.004981 1.253479 0.005178 0.009965 0.009956 1.380218 0.007766 0.014961 0.014956 1.506957 0.010355 0.019969 0.019972 1.633697 0.012944 0.024988 0.024998 1.760436 0.015533 0.030022 0.030016 1.887175 0.018122 0.035072 0.035060 2.013914 0.020710 0.040139 0.040142 2.140654 0.023299 0.045225 0.045238 2.267393 0.025888 0.050332 0.050307
1.927475 1.125668 0.002529 0.004858 0.004864 1.251337 0.005058 0.009734 0.009735 1.377005 0.007587 0.014614 0.014612 1.502673 0.010116 0.019506 0.019523 1.628342 0.012645 0.024409 0.024422 1.754010 0.015174 0.029326 0.029324 1.879678 0.017702 0.034258 0.034251 2.005347 0.020231 0.039206 0.039205 2.131015 0.022760 0.044173 0.044155 2.256683 0.025289 0.049160 0.049133
1.972592 1.124568 0.002471 0.004738 0.004754 1.249137 0.004942 0.009510 0.009516 1.373705 0.007413 0.014278 0.014276 1.498274 0.009884 0.019057 0.019059 1.622842 0.012354 0.023847 0.023850 1.747410 0.014825 0.028650 0.028659 1.871979 0.017296 0.033468 0.033473 1.996547 0.019767 0.038302 0.038294 2.121116 0.022238 0.043153 0.043111 2.245684 0.024709 0.048024 0.048039
2.018405 1.123509 0.002415 0.004623 0.004645 1.247017 0.004829 0.009293 0.009295 1.370526 0.007244 0.013953 0.013957 1.494034 0.009658 0.018622 0.018623 1.617543 0.012073 0.023302 0.023287 1.741051 0.014488 0.027995 0.027985 1.864560 0.016902 0.032702 0.032711 1.988068 0.019317 0.037425 0.037418 2.111577 0.021731 0.042165 0.042207 2.235085 0.024146 0.046923 0.046920
2.064924 1.122415 0.002360 0.004512 0.004538 1.244831 0.004720 0.009083 0.009089 1.367246 0.007080 0.013637 0.013640 1.489661 0.009440 0.018200 0.018188 1.612077 0.011800 0.022774 0.022759 1.734492 0.014160 0.027361 0.027354 1.856907 0.016520 0.031961 0.031940 1.979323 0.018880 0.036575 0.036581 2.101738 0.021240 0.041206 0.041215 2.224153 0.023601 0.045855 0.045838
2.112160 1.121366 0.002307 0.004408 0.004436 1.242733 0.004614 0.008879 0.008884 1.364099 0.006921 0.013331 0.013331 1.485465 0.009228 0.017791 0.017800 1.606832 0.011536 0.022262 0.022272 1.728198 0.013843 0.026745 0.026737 1.849564 0.016150 0.031241 0.031241 1.970931 0.018457 0.035751 0.035759 2.092297 0.020764 0.040277 0.040241 2.213663 0.023071 0.044820 0.044816
2.160124 1.120281 0.002256 0.004311 0.004336 1.240563 0.004511 0.008681 0.008682 1.360844 0.006767 0.013033 0.013038 1.481125 0.009023 0.017394 0.017403 1.601406 0.011279 0.021765 0.021767 1.721688 0.013534 0.026147 0.026161 1.841969 0.015790 0.030542 0.030552 1.962250 0.018046 0.034951 0.034945 2.082531 0.020302 0.039375 0.039384 2.202813 0.022557 0.043815 0.043831
2.208827 1.119244 0.002206 0.004221 0.004239 1.238487 0.004412 0.008489 0.008491 1.357731 0.006618 0.012745 0.012742 1.476974 0.008824 0.017009 0.017005 1.596218 0.011029 0.021283 0.021282 1.715462 0.013235 0.025568 0.025564 1.834705 0.015441 0.029865 0.029858 1.953949 0.017647 0.034175 0.034155 2.073192 0.019853 0.038500 0.038504 2.192436 0.022059 0.042840 0.042824
2.258281 1.118166 0.002157 0.004139 0.004145 1.236332 0.004315 0.008302 0.008303 1.354498 0.006472 0.012464 0.012460 1.472664 0.008630 0.016634 0.016629 1.590830 0.010787 0.020814 0.020812 1.708997 0.012945 0.025004 0.025012 1.827163 0.015102 0.029206 0.029197 1.945329 0.017259 0.033420 0.033429 2.063495 0.019417 0.037649 0.037625 2.181661 0.021574 0.041893 0.041877
2.308497 1.117140 0.002110 0.004063 0.004054 1.234280 0.004221 0.008121 0.008124 1.351420 0.006331 0.012192 0.012190 1.468561 0.008442 0.016271 0.016264 1.585701 0.010552 0.020359 0.020354 1.702841 0.012662 0.024457 0.024456 1.819981 0.014773 0.028566 0.028565 1.937121 0.016883 0.032688 0.032708 2.054261 0.018993 0.036823 0.036820 2.171401 0.021104 0.040973 0.040956
2.359487 1.116072 0.002065 0.003992 0.003966 1.232145 0.004129 0.007945 0.007945 1.348217 0.006194 0.011928 0.011939 1.464290 0.008259 0.015918 0.015922 1.580362 0.010323 0.019917 0.019920 1.696434 0.012388 0.023926 0.023901 1.812507 0.014453 0.027945 0.027959 1.928579 0.016518 0.031977 0.031981 2.044651 0.018582 0.036022 0.036050 2.160724 0.020647 0.040080 0.040064
2.411262 1.115058 0.002020 0.003922 0.003886 1.230115 0.004041 0.007774 0.007778 1.345173 0.006061 0.011670 0.011675 1.460231 0.008081 0.015575 0.015592 1.575289 0.010101 0.019487 0.019474 1.690346 0.012122 0.023409 0.023403 1.805404 0.014142 0.027342 0.027339 1.920462 0.016162 0.031286 0.031265 2.035520 0.018182 0.035242 0.035230 2.150577 0.020203 0.039213 0.039214
2.463836 1.113999 0.001977 0.003852 0.003801 1.227998 0.003954 0.007607 0.007608 1.341997 0.005931 0.011420 0.011418 1.455995 0.007908 0.015241 0.015247 1.569994 0.009885 0.019070 0.019078 1.683993 0.011862 0.022907 0.022929 1.797992 0.013839 0.026755 0.026742 1.911991 0.015817 0.030614 0.030595 2.025990 0.017794 0.034484 0.034458 2.139989 0.019771 0.038368 0.038377
2.517220 1.112996 0.001935 0.003779 0.003723 1.225993 0.003870 0.007445 0.007446 1.338989 0.005805 0.011177 0.011171 1.451985 0.007740 0.014916 0.014911 1.564982 0.009675 0.018663 0.018664 1.677978 0.011610 0.022419 0.022428 1.790974 0.013545 0.026184 0.026197 1.903971 0.015480 0.029960 0.029961 2.016967 0.017415 0.033747 0.033746 2.129964 0.019350 0.037548 0.037549
2.571426 1.111947 0.001894 0.003701 0.003643 1.223894 0.003788 0.007288 0.007285 1.335841 0.005683 0.010941 0.010940 1.447788 0.007577 0.014601 0.014595 1.559735 0.009471 0.018268 0.018273 1.671682 0.011365 0.021944 0.021937 1.783629 0.013259 0.025629 0.025623 1.895576 0.015153 0.029324 0.029335 2.007523 0.017048 0.033031 0.033032 2.119470 0.018942 0.036750 0.036718
2.626468 1.110958 0.001854 0.003618 0.003566 1.221917 0.003709 0.007134 0.007133 1.332875 0.005563 0.010711 0.010704 1.443833 0.007418 0.014294 0.014293 1.554791 0.009272 0.017884 0.017887 1.665750 0.011126 0.021482 0.021476 1.776708 0.012981 0.025089 0.025091 1.887666 0.014835 0.028706 0.028699 1.998625 0.016690 0.032334 0.032329 2.109583 0.018544 0.035973 0.036002
2.682359 1.109917 0.001816 0.003529 0.003492 1.219835 0.003631 0.006986 0.006988 1.329752 0.005447 0.010487 0.010497 1.439670 0.007263 0.013995 0.013984 1.549587 0.009078 0.017509 0.017498 1.659505 0.010894 0.021032 0.021047 1.769422 0.012710 0.024563 0.024545 1.879340 0.014525 0.028104 0.028098 1.989257 0.016341 0.031655 0.031654 2.099174 0.018157 0.035217 0.035217
2.739110 1.108943 0.001778 0.003437 0.003419 1.217885 0.003556 0.006841 0.006840 1.326828 0.005334 0.010269 0.010273 1.435770 0.007112 0.013704 0.013703 1.544713 0.008890 0.017145 0.017134 1.653656 0.010668 0.020594 0.020598 1.762598 0.012446 0.024051 0.024055 1.871541 0.014224 0.027518 0.027525 1.980484 0.016002 0.030995 0.030997 2.089426 0.017780 0.034482 0.034469
2.796737 1.107911 0.001741 0.003342 0.003351 1.215822 0.003483 0.006700 0.006704 1.323734 0.005224 0.010056 0.010055 1.431645 0.006965 0.013420 0.013421 1.539556 0.008707 0.016790 0.016796 1.647467 0.010448 0.020168 0.020159 1.755378 0.012189 0.023553 0.023553 1.863289 0.013930 0.026947 0.026950 1.971201 0.015672 0.030352 0.030360 2.079112 0.017413 0.033766 0.033779
2.855251 1.106950 0.001706 0.003250 0.003281 1.213900 0.003411 0.006563 0.006564 1.320850 0.005117 0.009850 0.009852 1.427800 0.006822 0.013144 0.013151 1.534749 0.008528 0.016445 0.016446 1.641699 0.010233 0.019752 0.019742 1.748649 0.011939 0.023068 0.023078 1.855599 0.013644 0.026392 0.026392 1.962549 0.015350 0.029725 0.029722 2.069499 0.017056 0.033069 0.033057
2.914668 1.105928 0.001671 0.003162 0.003213 1.211857 0.003341 0.006429 0.006427 1.317785 0.005012 0.009649 0.009647 1.423713 0.006683 0.012875 0.012878 1.529642 0.008354 0.016108 0.016108 1.635570 0.010024 0.019348 0.019361 1.741499 0.011695 0.022595 0.022583 1.847427 0.013366 0.025851 0.025846 1.953355 0.015037 0.029115 0.029104 2.059284 0.016707 0.032389 0.032370
2.974999 1.104981 0.001637 0.003082 0.003147 1.209961 0.003274 0.006298 0.006303 1.314942 0.004910 0.009453 0.009453 1.419922 0.006547 0.012613 0.012612 1.524903 0.008184 0.015780 0.015781 1.629883 0.009821 0.018954 0.018963 1.734864 0.011458 0.022135 0.022131 1.839844 0.013094 0.025323 0.025326 1.944825 0.014731 0.028521 0.028527 2.049805 0.016368 0.031728 0.031750
3.036261 1.103969 0.001604 0.003010 0.003084 1.207938 0.003207 0.006169 0.006173 1.311907 0.004811 0.009262 0.009266 1.415876 0.006415 0.012358 0.012357 1.519846 0.008019 0.015461 0.015454 1.623815 0.009622 0.018570 0.018572 1.727784 0.011226 0.021686 0.021678 1.831753 0.012830 0.024810 0.024795 1.935722 0.014434 0.027942 0.027954 2.039691 0.016037 0.031083 0.031089
3.098467 1.103036 0.001571 0.002947 0.003021 1.206071 0.003143 0.006042 0.006046 1.309107 0.004714 0.009075 0.009081 1.412142 0.006286 0.012109 0.012100 1.515178 0.007857 0.015149 0.015145 1.618213 0.009429 0.018195 0.018186 1.721249 0.011000 0.021248 0.021259 1.824284 0.012572 0.024309 0.024314 1.927320 0.014143 0.027377 0.027384 2.030356 0.015715 0.030454 0.030437
3.161632 1.102034 0.001540 0.002892 0.002960 1.204069 0.003080 0.005920 0.005927 1.306103 0.004620 0.008892 0.008895 1.408137 0.006160 0.011867 0.011881 1.510172 0.007700 0.014845 0.014840 1.612206 0.009240 0.017830 0.017819 1.714241 0.010780 0.020822 0.020815 1.816275 0.012320 0.023820 0.023821 1.918309 0.013861 0.026827 0.026810 2.020344 0.015401 0.029842 0.029853
3.225770 1.101116 0.001509 0.002842 0.002901 1.202231 0.003019 0.005801 0.005806 1.303347 0.004528 0.008714 0.008714 1.404462 0.006038 0.011630 0.011642 1.505578 0.007547 0.014549 0.014555 1.606694 0.009056 0.017474 0.017486 1.707809 0.010566 0.020406 0.020409 1.808925 0.012075 0.023344 0.023354 1.910040 0.013584 0.026290 0.026295 2.011156 0.015094 0.029244 0.029255
3.290897 1.100124 0.001479 0.002796 0.002843 1.200249 0.002959 0.005687 0.005689 1.300373 0.004438 0.008541 0.008538 1.400497 0.005918 0.011399 0.011402 1.500622 0.007397 0.014260 0.014268 1.600746 0.008877 0.017127 0.017127 1.700870 0.010356 0.020000 0.019993 1.800995 0.011836 0.022880 0.022879 1.901119 0.013315 0.025766 0.025789 2.001243 0.014795 0.028661 0.028657
3.357027 1.099219 0.001450 0.002750 0.002786 1.198437 0.002901 0.005578 0.005574 1.297656 0.004351 0.008374 0.008365 1.396875 0.005801 0.011174 0.011170 1.496094 0.007252 0.013978 0.013975 1.595312 0.008702 0.016788 0.016785 1.694531 0.010152 0.019604 0.019584 1.793750 0.011602 0.022427 0.022435 1.892969 0.013053 0.025256 0.025261 1.992187 0.014503 0.028093 0.028089
3.424176 1.098240 0.001422 0.002705 0.002731 1.196479 0.002844 0.005474 0.005472 1.294719 0.004266 0.008212 0.008202 1.392958 0.005687 0.010954 0.010952 1.491198 0.007109 0.013703 0.013698 1.589437 0.008531 0.016458 0.016453 1.687677 0.009953 0.019218 0.019236 1.785916 0.011375 0.021985 0.021987 1.884156 0.012797 0.024758 0.024759 1.982395 0.014218 0.027538 0.027532
3.492361 1.097347 0.001394 0.002658 0.002681 1.194694 0.002788 0.005371 0.005365 1.292040 0.004182 0.008052 0.008053 1.389387 0.005576 0.010740 0.010741 1.486734 0.006970 0.013435 0.013434 1.584081 0.008364 0.016135 0.016144 1.681427 0.009758 0.018841 0.018860 1.778774 0.011152 0.021553 0.021551 1.876121 0.012546 0.024272 0.024278 1.973468 0.013940 0.026997 0.027003
3.561596 1.096380 0.001367 0.002612 0.002629 1.192760 0.002734 0.005268 0.005258 1.289140 0.004101 0.007893 0.007902 1.385520 0.005468 0.010530 0.010538 1.481900 0.006835 0.013173 0.013182 1.578280 0.008202 0.015821 0.015818 1.674660 0.009568 0.018473 0.018472 1.771040 0.010935 0.021132 0.021121 1.867420 0.012302 0.023797 0.023793 1.963800 0.013669 0.026469 0.026471
3.631898 1.095498 0.001340 0.002564 0.002577 1.190997 0.002681 0.005164 0.005154 1.286495 0.004021 0.007737 0.007744 1.381994 0.005362 0.010326 0.010326 1.477492 0.006702 0.012917 0.012916 1.572991 0.008043 0.015513 0.015496 1.668489 0.009383 0.018114 0.018101 1.763988 0.010723 0.020721 0.020729 1.859486 0.012064 0.023334 0.023328 1.954984 0.013404 0.025953 0.025942
3.703284 1.094546 0.001315 0.002515 0.002528 1.189092 0.002629 0.005058 0.005061 1.283638 0.003944 0.007584 0.007592 1.378184 0.005258 0.010126 0.010127 1.472730 0.006573 0.012667 0.012664 1.567277 0.007887 0.015213 0.015219 1.661823 0.009202 0.017764 0.017772 1.756369 0.010516 0.020320 0.020318 1.850915 0.011831 0.022881 0.022887 1.945461 0.013146 0.025450 0.025454
3.775770 1.093675 0.001289 0.002464 0.002479 1.187350 0.002579 0.004953 0.004962 1.281026 0.003868 0.007438 0.007442 1.374701 0.005157 0.009931 0.009930 1.468376 0.006447 0.012423 0.012418 1.562051 0.007736 0.014920 0.014928 1.655727 0.009025 0.017421 0.017430 1.749402 0.010314 0.019928 0.019939 1.843077 0.011604 0.022440 0.022452 1.936752 0.012893 0.024958 0.024973
3.849373 1.092738 0.001265 0.002411 0.002431 1.185475 0.002529 0.004850 0.004865 1.278213 0.003794 0.007299 0.007295 1.370950 0.005059 0.009741 0.009745 1.463688 0.006323 0.012185 0.012188 1.556425 0.007588 0.014634 0.014640 1.649163 0.008852 0.017087 0.017084 1.741900 0.010117 0.019545 0.019535 1.834638 0.011382 0.022008 0.022004 1.927375 0.012646 0.024478 0.024485
3.924111 1.091876 0.001241 0.002358 0.002384 1.183752 0.002481 0.004753 0.004770 1.275628 0.003722 0.007165 0.007156 1.367503 0.004962 0.009555 0.009558 1.459379 0.006203 0.011953 0.011964 1.551255 0.007443 0.014354 0.014348 1.643131 0.008684 0.016760 0.016756 1.735007 0.009924 0.019171 0.019169 1.826883 0.011165 0.021587 0.021580 1.918758 0.012405 0.024009 0.023996
4.000000 1.090955 0.001217 0.002308 0.002338 1.181911 0.002434 0.004664 0.004678 1.272866 0.003651 0.007033 0.007021 1.363821 0.004868 0.009373 0.009374 1.454776 0.006085 0.011725 0.011727 1.545732 0.007302 0.014081 0.014075 1.636687 0.008519 0.016441 0.016449 1.727642 0.009736 0.018805 0.018799 1.818598 0.010953 0.021175 0.021170 1.909553 0.012170 0.023551 0.023555
