0.1  1.820
0.2  3.135
0.3  3.860
0.5  4.129
0.6  3.978
0.7  3.691
0.8  3.337
1.0  2.275
0.0  4.365
0.1  4.483
0.2  4.567
0.3  4.854
0.4  5.140
0.5  5.191
0.6  5.107
0.8  4.736
0.9  4.736
1.0  4.483
0.0  5.949
0.1  6.219
0.2  6.691
0.3  7.315
0.4  7.904
0.5  8.090
0.6  7.500
0.7  6.725
0.8  5.730
0.9  5.073
1.0  4.972
0.0  9.742
0.1  9.876
0.2 10.736
0.3 11.258
0.4 11.781
0.5 12.118
0.6 11.663
0.7 11.343
0.8 10.551
0.9 10.079
1.0  9.826
0.0 16.466
0.1 16.433
0.2 16.180
0.3 15.944
0.4 15.657
0.5 15.303
0.6 14.949
0.7 14.747
0.8 14.579
0.9 14.511
1.0 14.292
0.0 21.034
0.1 21.118
0.2 21.573
0.3 21.624
0.4 21.337
0.5 21.522
0.6 21.640
0.7 21.489
0.8 21.539
0.9 21.202
1.0 20.730
0.0  3.677
0.1  3.491
0.2  3.441
0.3  3.339
0.4  3.204
0.5  3.070
0.6  3.086
0.7  2.935
0.8  3.036
0.9  3.053
1.0  2.901
0.0  7.438
0.1  7.472
0.2  7.623
0.3  7.708
0.4  7.775
0.5  7.826
0.6  7.573
0.7  7.252
0.8  6.999
0.9  6.864
1.0  6.864
0.1  0.793
0.2  1.603
0.3  2.278
0.4  2.734
0.5  3.089
0.6  3.173
0.8  2.565
0.9  2.312
1.0  2.160
0.0  4.371
0.1  4.354
0.2  4.473
0.3  4.574
0.4  4.726
0.5  4.709
0.6  4.641
0.8  4.422
0.9  4.422
1.0  4.439
0.0  8.253
0.1  8.236
0.2  8.169
0.3  8.169
0.4  8.068
0.7  8.388
0.8  8.473
0.9  8.422
1.0  8.489
0.0  9.772
0.1  9.738
0.4  9.468
0.5  9.333
0.6  9.570
0.7  9.772
0.8  9.806
0.9  9.958
1.0  9.823
0.0 20.810
0.2 20.743
0.4 20.540
0.6 20.557
0.8 20.827
1.0 20.776
0.2  1.770
0.3  2.596
0.4  3.404
0.5  3.455
0.6  3.067
0.7  2.899
0.8  2.747
0.9  2.781
1.0  2.882
0.0  3.674
0.1  3.691
0.2  3.758
0.5  4.180
0.6  4.685
0.7  5.107
0.8  4.635
0.9  4.601
1.0  4.433
0.0  5.899
0.1  5.916
0.2  5.916
0.3  5.629
0.4  5.174
0.5  5.056
0.6  5.191
0.7  5.545
0.9  5.562
1.0  5.663
0.0  7.466
0.1  7.331
0.2  6.944
0.3  6.674
0.4  6.607
0.5  6.253
0.6  6.067
0.7  6.371
0.9  6.792
1.0  7.028
0.0  9.067
0.1  9.185
0.2  9.522
0.3  9.708
0.4  9.994
0.6  9.893
0.7  9.691
0.8  9.404
0.9  9.084
1.0  9.034
0.0 11.039
0.1 10.955
0.2 11.073
0.3 11.309
0.4 11.258
0.5 11.292
0.6 11.427
0.7 11.562
0.9 11.494
1.0 11.360
0.0 13.770
0.1 13.803
0.2 13.921
0.3 14.107
0.4 14.376
0.5 14.798
0.6 15.388
0.7 16.112
0.8 16.652
0.9 17.056
1.0 17.056
