0.05  1.280
0.10  2.476
0.15  3.116
0.20  3.621
0.25  3.823
0.30  3.891
0.35  3.924
0.40  4.211
0.45  4.362
0.50  4.396
0.00  4.345
0.10  4.800
0.20  4.867
0.25  5.103
0.30  5.221
0.35  5.339
0.40  5.204
0.00  5.996
0.15  6.636
0.20  6.956
0.25  7.309
0.30  7.697
0.35  7.949
0.40  8.051
0.45  8.118
0.50  8.219
0.00  8.236
0.05  8.505
0.10  8.724
0.15  8.825
0.20  9.246
0.25  9.701
0.30 10.072
0.35 10.526
0.40 10.678
0.45 10.880
0.00  9.752
0.05  9.836
0.10 10.139
0.15 10.476
0.20 10.779
0.25 11.166
0.30 11.267
0.35 11.301
0.40 11.436
0.45 11.554
0.50 11.587
0.00 16.387
0.05 16.286
0.10 16.219
0.15 16.017
0.20 15.798
0.35 14.939
0.40 14.771
0.45 14.686
0.50 14.636
0.00 20.834
0.10 21.086
0.15 21.373
0.20 21.625
0.25 22.013
0.30 22.282
0.35 22.535
0.40 22.602
0.50 22.636
0.00  3.643
0.05  3.609
0.10  3.677
0.15  3.795
0.20  3.947
0.25  4.031
0.30  4.031
0.35  3.963
0.40  3.829
0.45  3.761
0.50  3.727
0.00  7.455
0.10  7.084
0.15  6.763
0.20  6.342
0.40  6.139
0.45  5.903
0.50  6.038
0.00  9.040
0.25  9.866
0.30 10.136
0.40 10.288
0.05  0.675
0.10  1.214
0.15  1.754
0.20  2.176
0.25  2.547
0.30  2.867
0.35  3.070
0.40  3.070
0.45  2.193
0.50  1.805
0.00  4.351
0.05  4.520
0.10  4.621
0.15  4.908
0.20  5.212
0.30  5.262
0.35  4.587
0.40  3.930
0.45  3.727
0.50  3.727
0.00  8.197
0.05  8.180
0.10  8.062
0.15  7.843
0.20  7.404
0.25  7.117
0.30  6.595
0.35  6.848
0.40  7.117
0.45  7.488
0.50  7.455
0.00  9.782
0.10  9.597
0.15  9.613
0.20  9.563
0.25 10.119
0.30 10.322
0.35 10.575
0.40 10.727
0.50 10.996
0.00 20.863
0.10 21.082
0.15 21.588
0.20 21.251
0.25 20.914
0.30 21.048
0.40 20.526
0.50 20.441
0.10  1.197
0.15  1.803
0.20  2.360
0.25  2.798
0.30  3.135
0.35  3.253
0.40  3.354
0.45  3.354
0.50  3.337
0.00  3.674
0.10  3.539
0.20  3.388
0.25  3.303
0.30  3.219
0.35  3.843
0.40  4.062
0.45  4.197
0.50  4.348
0.00  5.916
0.10  5.899
0.20  5.680
0.30  5.376
0.40  4.820
0.45  4.685
0.00  7.433
0.10  7.618
0.15  7.787
0.20  7.736
0.25  7.770
0.30  7.702
0.35  7.466
0.40  7.348
0.45  7.298
0.00 11.107
0.05 11.191
0.10 11.107
0.15 11.208
0.20 11.225
0.25 11.191
0.30 11.208
0.40 10.449
0.45 10.567
0.50 10.483
0.00 13.770
0.10 13.787
0.15 13.955
0.20 13.955
0.25 14.090
0.30 14.191
0.35 14.225
0.40 14.326
0.50 14.393
