0.0455  9.932
0.0512 13.711
0.0527  9.038
0.0537  8.289
0.0547  8.354
0.0575 11.001
0.0580 10.661
0.0586 10.577
0.0597 12.674
0.0609 10.169
0.0621  9.701
0.0633 10.169
0.0645 11.264
0.0652 11.264
0.0664 10.745
0.0671 10.661
0.0691 11.624
0.0704 10.494
0.0711 10.331
0.0718 10.412
0.0739 11.716
0.0754 10.331
0.0761 10.494
0.0776 11.624
0.0783 10.331
0.0791 10.011
0.0799 10.745
0.0806 10.830
0.0822 10.331
0.0838 11.001
0.0846 11.001
0.0871 11.902
0.0888 11.088
0.0897 11.176
0.0914 10.830
0.0932 10.915
0.0941 10.494
0.0951 10.494
0.0969  9.701
0.0998 10.494
0.1017 11.716
0.1027 11.808
0.1089 10.661
0.1110 10.830
0.1143  9.854
0.1165  9.701
0.1176  9.854
0.1199  9.932
0.1211 10.169
0.1235 10.090
0.1247 10.011
0.1259 10.169
0.1271 10.090
0.1296  9.625
0.1334  9.625
0.1347  9.701
0.1360 10.011
0.1387 10.090
0.1414  9.777
0.1428 10.090
0.1441  9.701
0.1455  9.625
0.1470  9.854
0.1484  9.701
0.1513  9.932
0.1543  9.625
0.1573  9.327
0.1619  9.932
0.1635  9.932
0.1667  9.327
0.1683  9.625
0.1716  9.253
0.1749  9.701
0.1766  9.701
0.1784  9.474
0.1801  9.701
0.1819  9.625
0.1836 10.412
0.1872  9.549
0.1890  9.625
0.1909  9.549
0.1946  9.625
0.1984  9.549
0.2023  9.327
0.2043  9.327
0.2062  9.474
0.2083  9.253
0.2123  9.327
0.2144  9.400
0.2165  9.038
0.2207  9.327
0.2229  9.181
0.2272  9.109
0.2317  9.253
0.2339  8.897
0.2385  8.758
0.2408  8.758
0.2431  8.621
0.2455  8.689
0.2479  8.554
0.2503  8.554
0.2527  8.689
0.2552  8.487
0.2577  8.621
0.2602  8.621
0.2627  8.420
0.2653  8.554
0.2679  8.354
0.2731  8.487
0.3038  7.783
0.3067  7.783
0.3097  7.662
0.3158  7.722
0.3220  7.662
0.3283  7.483
0.3347  7.483
0.3412  7.542
0.3479  7.366
0.3723  7.425
0.3796  7.483
0.3833  7.425
0.3870  7.195
0.3907  7.195
0.3945  7.082
0.3984  7.082
0.4023  6.972
0.4101  6.972
0.4222  6.495
0.4263  6.394
0.4305  6.445
0.4347  6.344
0.4432  6.294
0.4518  6.147
0.4651  6.147
0.4697  6.052
0.4742  6.147
0.4835  5.957
0.4882  6.052
0.5075  5.507
0.5174  5.463
0.5378  5.130
0.5484  5.090
0.5868  4.632
0.5983  4.595
0.6219  4.349
0.6341  4.349
0.6402  4.215
0.6528  4.182
0.6655  4.084
0.6785  4.052
0.6851  4.020
0.7053  4.182
0.7191  3.896
0.7332  3.865
0.7548  3.746
0.7621  3.746
0.7695  3.687
0.7846  3.716
0.8235  3.601
0.8396  3.573
0.8728  3.490
0.8898  3.490
0.9340  3.408
0.9708  3.329
0.9898  3.303
1.0092  3.251
1.0289  3.277
1.0695  3.251
1.1226  3.175
1.2855  2.912
1.3363  2.867
1.3624  2.822
1.3891  2.800
1.4162  2.756
1.4439  2.735
1.5155  2.650
1.5303  2.650
1.7022  2.469
1.7355  2.449
1.7695  2.392
1.8041  2.374
2.0460  2.143
2.0860  2.126
2.4832  1.846
3.0726  1.481
3.4179  1.295
3.4848  1.285
3.9906  1.073
4.3963  0.953
4.4391  0.953
4.5259  0.909
4.6593  0.874
4.7046  0.874
4.7966  0.827
4.8433  0.827
5.0835  0.765
5.3356  0.724
5.3875  0.713
5.4399  0.713
5.5463  0.685
5.6547  0.680
5.9352  0.638
6.2296  0.609
6.3514  0.609
6.4132  0.585
6.4756  0.581
6.5386  0.585
6.7313  0.563
6.7968  0.563
6.9971  0.541
7.3442  0.524
7.7084  0.508
8.4103  0.492
8.5747  0.492
8.7423  0.489
8.9133  0.489
