0.0455  2.713
0.0497  2.588
0.0507  2.568
0.0512  2.609
0.0522  4.084
0.0527  3.775
0.0547  0.357
0.0553  0.335
0.0569  0.654
0.0575  0.701
0.0586  0.473
0.0597  0.808
0.0609  3.175
0.0621  0.492
0.0627  0.537
0.0633  0.741
0.0645  0.528
0.0658  1.197
0.0691  2.177
0.0704  1.788
0.0725  0.847
0.0739  2.300
0.0761  1.160
0.0768  1.285
0.0776  1.802
0.0783  2.012
0.0799  1.207
0.0806  1.424
0.0814  1.412
0.0822  1.124
0.0838  1.504
0.0855  1.151
0.0863  1.306
0.0871  2.160
0.0880  2.229
0.0897  2.246
0.0906  2.568
0.0914  2.318
0.0923  2.374
0.0932  2.588
0.0951  2.609
0.0960  2.735
0.0979  1.666
0.0998  1.446
0.1007  1.245
0.1027  1.760
0.1089  2.028
0.1121  2.867
0.1132  2.844
0.1165  2.355
0.1176  2.300
0.1188  2.318
0.1199  2.060
0.1223  2.392
0.1235  2.449
0.1247  2.411
0.1259  2.469
0.1271  2.735
0.1283  2.822
0.1308  2.411
0.1334  2.337
0.1347  2.126
0.1387  2.508
0.1400  2.692
0.1414  2.508
0.1441  2.735
0.1470  2.469
0.1484  2.548
0.1498  2.469
0.1513  2.735
0.1528  2.735
0.1543  2.778
0.1558  2.778
0.1573  2.671
0.1588  2.318
0.1603  2.392
0.1619  2.713
0.1635  2.800
0.1651  3.277
0.1683  2.692
0.1699  2.958
0.1733  2.392
0.1749  2.650
0.1766  2.713
0.1784  3.029
0.1801  2.629
0.1836  2.800
0.1854  3.175
0.1872  3.053
0.1890  3.029
0.1909  3.077
0.1927  3.029
0.1946  3.175
0.1965  3.175
0.1984  3.382
0.2023  3.355
0.2043  3.226
0.2062  3.517
0.2083  3.329
0.2103  3.277
0.2123  3.303
0.2144  3.573
0.2186  3.329
0.2229  3.545
0.2272  3.573
0.2294  3.573
0.2317  3.896
0.2362  3.865
0.2385  3.865
0.2408  3.927
0.2431  3.835
0.2455  3.989
0.2479  3.746
0.2503  3.746
0.2527  3.896
0.2577  3.687
0.2602  3.865
0.2627  3.896
0.2653  3.865
0.2705  3.896
0.2731  4.020
0.2811  4.020
0.2839  3.958
0.2866  4.020
0.2922  4.020
0.2951  4.116
0.3038  4.052
0.3067  4.084
0.3127  3.989
0.3189  4.020
0.3251  4.052
0.3314  4.020
0.3347  4.020
0.3379  3.896
0.3445  4.020
0.3513  3.545
0.3547  3.927
0.3581  3.927
0.3616  3.989
0.3651  4.595
0.3687  4.453
0.3723  4.488
0.3796  4.453
0.3833  4.855
0.3870  4.559
0.3907  4.559
0.3984  4.705
0.4023  4.559
0.4101  4.817
0.4181  4.971
0.4222  4.932
0.4263  4.595
0.4305  4.742
0.4347  4.632
0.4389  4.668
0.4475  4.595
0.4651  4.559
0.4697  4.595
0.4742  4.559
0.4788  4.742
0.4835  4.632
0.4882  4.780
0.4930  4.742
0.5026  4.817
0.5075  4.668
0.5224  4.742
0.5327  4.668
0.5484  4.632
0.5537  4.559
0.5591  4.559
0.5645  4.632
0.5700  4.488
0.5925  4.349
0.6041  4.384
0.6100  4.281
0.6159  4.281
0.6219  4.182
0.6341  4.182
0.6655  3.927
0.6985  3.687
0.7053  3.865
0.7191  3.835
0.7403  3.687
0.7548  3.630
0.7621  3.658
0.7770  3.462
0.7922  3.435
0.8077  3.382
0.8315  3.355
0.8478  3.277
0.8643  3.251
0.8898  3.175
0.9072  3.150
0.9430  3.077
0.9615  3.053
0.9803  3.005
0.9994  2.982
1.0190  2.912
1.0592  2.889
1.0799  2.867
1.1226  2.844
1.1445  2.822
1.1897  2.800
1.2609  2.735
1.3363  2.671
1.4162  2.609
1.4439  2.588
1.6696  2.469
1.7022  2.449
1.7867  2.411
1.8935  2.355
2.1684  2.229
2.3430  2.160
2.6573  2.044
2.7622  1.997
2.8713  1.965
3.0137  1.904
3.0726  1.890
3.2250  1.831
3.2881  1.802
3.3524  1.788
3.4848  1.733
3.5529  1.719
3.8390  1.615
3.9906  1.552
4.2293  1.469
4.3963  1.401
4.4823  1.401
4.7046  1.316
4.7504  1.316
4.9860  1.216
5.5463  1.039
5.8780  0.938
6.2902  0.815
6.4132  0.789
6.6664  0.735
7.6342  0.496
8.3292  0.351
8.5747  0.305
