0.5983  -84.4
0.5914  -85.4
0.5885  -84.3
0.5827  -83.7
0.5841  -83.0
0.5914  -82.4
0.5968  -82.8
0.5965  -80.5
0.5899  -80.5
0.5867  -79.9
0.5852  -79.3
0.6063  -78.2
0.5979  -79.0
0.5947  -78.1
0.5950  -77.5
0.5892  -77.2
0.5849  -76.6
0.5925  -75.9
0.5936  -74.7
0.6023  -74.5
0.6081  -72.9
0.6092  -73.6
0.6172  -73.6
0.6146  -71.6
0.6204  -71.0
0.5863  -72.4
0.5896  -72.0
0.5947  -70.8
0.5961  -67.7
0.5990  -68.9
0.6026  -69.5
0.6077  -67.1
0.6081  -66.0
0.6146  -66.4
0.6164  -67.9
0.6164  -63.8
0.6012  -65.5
0.6019  -64.3
0.5983  -63.2
0.6012  -62.8
0.6048  -62.4
0.6037  -61.0
0.6066  -60.8
0.5957  -59.7
0.6019  -59.5
0.6034  -58.7
0.6070  -57.6
0.6110  -58.0
0.6095  -56.4
0.6121  -56.5
0.6085  -55.7
0.6164  -55.5
0.6110  -54.0
0.6048  -54.3
0.6074  -52.1
0.6128  -52.1
0.6157  -52.7
0.6154  -51.4
0.6230  -50.9
0.6150  -50.6
0.6146  -49.5
0.6106  -48.3
0.6128  -47.1
0.6124  -46.1
0.6175  -46.6
0.6201  -45.9
0.6190  -44.5
0.6219  -43.6
0.6193  -42.9
0.6219  -41.8
0.6252  -40.9
0.6288  -41.0
0.6262  -39.7
0.6208  -40.2
0.6230  -39.5
0.6270  -37.8
0.6248  -36.7
0.6219  -35.9
0.6262  -34.8
0.6306  -35.5
0.6284  -33.6
0.6259  -33.3
0.6299  -32.0
0.6306  -30.4
0.6353  -30.7
0.6339  -29.6
0.6350  -28.6
0.6328  -27.6
0.6371  -27.0
0.6375  -25.2
0.6390  -24.2
0.6411  -23.1
0.6419  -21.6
0.6448  -21.1
0.6444  -20.0
0.6444  -19.4
0.6477  -18.1
0.6488  -17.3
0.6488  -15.9
0.6509  -14.8
0.6535  -13.9
0.6546  -12.5
0.6564  -11.3
0.6586   -9.9
0.6596   -8.5
0.6622   -7.2
0.6629   -6.3
0.6640   -5.4
0.6662   -4.2
0.6673   -2.9
0.6684   -2.1
0.6600  -85.3
0.6905  -84.7
0.6949  -84.3
0.6767  -83.6
0.6756  -82.9
0.6691  -82.9
0.6691  -79.8
0.6796  -82.3
0.6818  -81.4
0.6847  -80.5
0.6887  -81.0
0.6847  -79.3
0.6847  -78.3
0.6905  -78.8
0.6851  -77.1
0.6854  -76.4
0.6876  -74.8
0.6974  -77.0
0.7032  -75.4
0.7021  -74.1
0.6774  -75.6
0.6785  -73.8
0.6818  -73.4
0.6836  -72.6
0.6822  -70.4
0.6793  -68.8
0.6916  -72.9
0.6930  -72.0
0.6963  -71.6
0.7003  -71.2
0.6992  -69.0
0.6912  -69.6
0.7065  -68.2
0.7047  -67.1
0.7047  -65.8
0.6934  -67.0
0.6862  -65.6
0.6981  -65.1
0.6967  -63.6
0.6945  -62.9
0.7094  -64.3
0.7127  -63.5
0.7119  -61.8
0.7177  -61.9
0.7050  -61.4
0.7014  -61.1
0.6949  -60.9
0.6949  -58.9
0.6974  -59.6
0.7014  -59.6
0.7058  -59.5
0.7068  -58.9
0.7010  -57.8
0.6989  -56.0
0.7112  -57.0
0.7210  -57.9
0.7210  -55.8
0.7177  -55.2
0.7116  -53.5
0.7083  -54.3
0.7029  -53.2
0.6985  -52.1
0.7043  -52.4
0.7021  -50.6
0.7076  -50.7
0.7090  -50.1
0.7054  -48.1
0.7083  -47.9
0.7050  -46.8
0.7101  -45.6
0.7163  -47.4
0.7221  -49.3
0.7239  -49.0
0.7159  -46.5
0.7159  -45.0
0.7192  -44.4
0.7210  -44.1
0.7188  -42.3
0.7221  -42.2
0.7221  -40.9
0.7254  -40.6
0.7297  -43.0
0.7196  -39.9
0.7228  -39.2
0.7217  -38.2
0.7261  -36.9
0.7250  -36.4
0.7312  -35.1
0.7294  -34.7
0.7257  -33.5
0.7290  -32.8
0.7326  -31.7
0.7294  -30.5
0.7315  -29.7
0.7301  -29.0
0.7315  -27.4
0.7381  -27.8
0.7330  -25.7
0.7370  -24.4
0.7417  -22.9
0.7413  -21.4
0.7424  -20.2
0.7435  -19.6
0.7461  -19.0
0.7482  -18.1
0.7497  -17.1
0.7471  -16.0
0.7504  -14.3
0.7522  -13.6
0.7537  -12.6
0.7559  -11.5
0.7573  -10.3
0.7580   -9.3
0.7595   -8.0
0.7613   -7.0
0.7638   -5.8
0.7660   -4.8
0.7675   -3.7
0.7704   -2.6
0.7711   -2.2
0.7283  -85.0
0.7421  -84.9
0.7446  -84.3
0.7442  -83.6
0.7392  -82.9
0.7388  -81.6
0.7413  -80.7
0.7355  -79.9
0.7410  -79.5
0.7468  -78.8
0.7446  -77.5
0.7493  -77.6
0.7511  -76.3
0.7522  -75.6
0.7522  -73.9
0.7479  -74.9
0.7344  -76.0
0.7384  -74.4
0.7421  -73.6
0.7421  -71.1
0.7515  -72.5
0.7526  -72.2
0.7606  -73.0
0.7522  -70.7
0.7533  -69.9
0.7562  -69.7
0.7544  -68.3
0.7468  -68.3
0.7526  -67.0
0.7519  -66.0
0.7653  -66.5
0.7613  -65.5
0.7580  -63.6
0.7678  -63.5
0.7638  -62.0
0.7606  -62.7
0.7602  -61.1
0.7584  -60.1
0.7544  -58.6
0.7628  -59.4
0.7642  -58.1
0.7628  -56.6
0.7671  -57.7
0.7675  -56.9
0.7671  -55.4
0.7668  -54.7
0.7638  -53.7
0.7602  -53.4
0.7657  -52.0
0.7660  -50.8
0.7686  -51.2
0.7686  -49.3
0.7704  -49.5
0.7689  -48.6
0.7697  -47.4
0.7726  -47.1
0.7697  -46.2
0.7722  -44.9
0.7740  -44.2
0.7769  -44.0
0.7769  -42.6
0.7758  -42.6
0.7755  -41.9
0.7755  -41.0
0.7795  -39.7
0.7776  -39.5
0.7791  -37.7
0.7813  -37.1
0.7835  -36.1
0.7838  -35.3
0.7849  -34.9
0.7856  -33.3
0.7835  -31.7
0.7885  -31.6
0.7885  -29.9
0.7885  -28.6
0.7900  -27.8
0.7951  -27.7
0.7929  -26.3
0.7947  -25.2
0.7983  -23.8
0.7983  -21.0
0.7973  -22.3
0.7998  -20.4
0.8020  -18.7
0.8034  -17.7
0.8049  -16.4
0.8063  -15.0
0.8092  -14.0
0.8096  -13.0
0.8110  -11.5
0.8132  -10.4
0.8140   -8.7
0.8165   -7.6
0.8172   -7.1
0.8187   -6.3
0.8201   -5.7
0.8216   -4.6
0.8219   -4.1
0.8227   -3.5
0.8238   -2.8
0.8245   -2.1
