0.5161 -100.4
0.5154  -99.0
0.5212  -98.4
0.5169  -97.7
0.5092  -97.3
0.5158  -96.3
0.5132  -94.6
0.5220  -94.2
0.5216  -93.3
0.5201  -92.1
0.5194  -90.7
0.5234  -90.1
0.5209  -89.5
0.5183  -88.1
0.5205  -86.6
0.5212  -85.0
0.5227  -83.8
0.5245  -82.2
0.5241  -80.7
0.5281  -80.0
0.5260  -79.0
0.5260  -77.1
0.5271  -76.2
0.5289  -75.1
0.5285  -74.1
0.5310  -72.5
0.5300  -71.5
0.5300  -70.3
0.5292  -69.2
0.5310  -68.0
0.5347  -66.8
0.5347  -65.9
0.5318  -64.7
0.5347  -63.7
0.5350  -62.9
0.5358  -61.7
0.5383  -61.1
0.5383  -59.7
0.5376  -58.5
0.5383  -57.0
0.5405  -56.4
0.5394  -54.7
0.5420  -53.9
0.5405  -52.4
0.5430  -51.5
0.5423  -50.1
0.5449  -49.0
0.5456  -47.6
0.5456  -46.6
0.5463  -45.6
0.5485  -44.4
0.5474  -43.6
0.5485  -42.5
0.5481  -41.4
0.5478  -40.6
0.5507  -39.7
0.5496  -38.6
0.5521  -37.7
0.5536  -36.4
0.5529  -35.5
0.5539  -34.2
0.5550  -32.5
0.5565  -31.4
0.5569  -30.0
0.5587  -28.5
0.5609  -26.9
0.5612  -25.6
0.5616  -24.7
0.5627  -23.1
0.5656  -21.1
0.5674  -19.4
0.5692  -17.4
0.5699  -15.7
0.5728  -14.1
0.5739  -13.1
0.5750  -11.5
0.5765  -10.2
0.5790   -8.3
0.5801   -6.7
0.5819   -5.4
0.5834   -4.1
0.5841   -3.2
0.5856   -1.9
0.6379  -54.4
0.6354  -53.9
0.6361  -52.2
0.6481  -53.5
0.6448  -53.1
0.6430  -52.0
0.6412  -50.3
0.6470  -51.2
0.6477  -50.6
0.6466  -49.5
0.6459  -48.4
0.6412  -47.7
0.6408  -47.5
0.6532  -49.0
0.6517  -46.8
0.6528  -46.2
0.6557  -44.6
0.6564  -43.8
0.6535  -43.3
0.6517  -45.0
0.6455  -42.5
0.6506  -42.1
0.6535  -41.9
0.6535  -40.3
0.6553  -41.4
0.6583  -40.1
0.6561  -38.8
0.6499  -39.6
0.6517  -38.4
0.6546  -36.6
0.6590  -36.2
0.6612  -37.2
0.6626  -37.8
0.6608  -38.9
0.6590  -35.6
0.6623  -35.5
0.6626  -34.1
0.6673  -34.4
0.6666  -32.7
0.6688  -33.3
0.6604  -31.5
0.6710  -31.6
0.6710  -30.9
0.6677  -30.0
0.6710  -29.4
0.6768  -28.2
0.6702  -27.6
0.6732  -27.1
0.6779  -27.2
0.6786  -26.5
0.6764  -25.9
0.6772  -25.0
0.6801  -24.7
0.6833  -23.4
0.6852  -22.4
0.6844  -21.6
0.6844  -21.0
0.6859  -19.8
0.6953  -20.8
0.6957  -19.3
0.6942  -18.1
0.6964  -17.5
0.6975  -17.3
0.6982  -16.3
0.6997  -16.1
0.7019  -15.1
0.7044  -15.3
0.7048  -14.5
0.7048  -13.4
0.7095  -12.9
0.7113  -12.1
0.7117  -11.2
0.7160  -10.8
0.7164   -9.5
0.7190   -8.8
0.7208   -8.0
0.7229   -7.2
0.7251   -6.2
0.7259   -5.6
0.7291   -4.9
0.7313   -4.4
0.7346   -3.3
0.7371   -3.0
0.7393   -2.8
0.7411   -2.2
