  0.000000 0.000000 0.000000 0.000000 0.000000 0.000000 0.000000 0.000000 0.000000 0.000000
  0.000319 0.000002 0.000001 0.000001 0.000001 0.000002 0.000001 0.000001 0.000001 0.000002
  0.000638 0.000005 0.000001 0.000001 0.000001 0.000005 0.000001 0.000001 0.000001 0.000005
  0.000959 0.000010 0.000003 0.000002 0.000003 0.000010 0.000002 0.000003 0.000003 0.000010
  0.001281 0.000019 0.000005 0.000004 0.000005 0.000019 0.000004 0.000004 0.000004 0.000019
  0.001604 0.000036 0.000009 0.000006 0.000009 0.000036 0.000006 0.000007 0.000007 0.000035
  0.001927 0.000068 0.000014 0.000009 0.000014 0.000068 0.000009 0.000009 0.000009 0.000067
  0.002252 0.000127 0.000022 0.000011 0.000022 0.000127 0.000011 0.000012 0.000012 0.000126
  0.002578 0.000233 0.000035 0.000014 0.000035 0.000233 0.000014 0.000015 0.000015 0.000232
  0.002905 0.000415 0.000055 0.000018 0.000055 0.000415 0.000018 0.000021 0.000021 0.000416
  0.003233 0.000705 0.000079 0.000026 0.000079 0.000705 0.000026 0.000031 0.000031 0.000711
  0.003562 0.001111 0.000104 0.000037 0.000104 0.001111 0.000037 0.000045 0.000045 0.001129
  0.003892 0.001595 0.000124 0.000050 0.000124 0.001595 0.000050 0.000059 0.000059 0.001623
  0.004223 0.002104 0.000141 0.000061 0.000141 0.002104 0.000061 0.000072 0.000072 0.002085
  0.004555 0.002616 0.000156 0.000072 0.000156 0.002616 0.000072 0.000084 0.000084 0.002412
  0.004888 0.003136 0.000178 0.000082 0.000178 0.003136 0.000082 0.000095 0.000095 0.002611
  0.005222 0.003659 0.000217 0.000097 0.000217 0.003659 0.000097 0.000111 0.000111 0.002833
  0.005558 0.004228 0.000286 0.000118 0.000286 0.004228 0.000118 0.000134 0.000134 0.003289
  0.005894 0.004994 0.000389 0.000148 0.000389 0.004994 0.000148 0.000162 0.000162 0.004112
  0.006232 0.006103 0.000515 0.000185 0.000515 0.006103 0.000185 0.000199 0.000199 0.005309
  0.006570 0.007473 0.000645 0.000235 0.000645 0.007473 0.000235 0.000248 0.000248 0.006718
  0.006910 0.008746 0.000769 0.000303 0.000769 0.008746 0.000303 0.000317 0.000317 0.008031
  0.007250 0.009710 0.000894 0.000388 0.000894 0.009710 0.000388 0.000404 0.000404 0.009086
  0.007592 0.010624 0.001044 0.000483 0.001044 0.010624 0.000483 0.000501 0.000501 0.010038
  0.007935 0.011864 0.001260 0.000586 0.001260 0.011864 0.000586 0.000607 0.000607 0.011134
  0.008279 0.013394 0.001583 0.000712 0.001583 0.013394 0.000712 0.000736 0.000736 0.012424
  0.008624 0.014979 0.002036 0.000899 0.002036 0.014979 0.000899 0.000929 0.000929 0.013888
  0.008970 0.016693 0.002635 0.001213 0.002635 0.016693 0.001213 0.001253 0.001253 0.015646
  0.009318 0.018580 0.003426 0.001735 0.003426 0.018580 0.001735 0.001791 0.001791 0.017678
  0.009666 0.020324 0.004543 0.002550 0.004543 0.020324 0.002550 0.002637 0.002637 0.019697
  0.010015 0.021668 0.006193 0.003744 0.006193 0.021668 0.003744 0.003877 0.003877 0.021382
  0.010366 0.022772 0.008462 0.005347 0.008462 0.022772 0.005347 0.005534 0.005534 0.022681
  0.010718 0.024095 0.011012 0.007320 0.011012 0.024095 0.007320 0.007551 0.007551 0.023777
  0.011071 0.026127 0.013190 0.009628 0.013190 0.026127 0.009628 0.009878 0.009878 0.024794
  0.011424 0.029400 0.014823 0.012209 0.014823 0.029400 0.012209 0.012453 0.012453 0.025850
  0.011780 0.034216 0.016428 0.014692 0.016428 0.034216 0.014692 0.014917 0.014917 0.026986
  0.012136 0.040185 0.018271 0.016383 0.018271 0.040185 0.016383 0.016581 0.016581 0.028065
  0.012493 0.046223 0.019826 0.016856 0.019826 0.046223 0.016856 0.017024 0.017024 0.029109
  0.012852 0.051028 0.020270 0.016375 0.020270 0.051028 0.016375 0.016509 0.016509 0.030574
  0.013211 0.054155 0.019481 0.015585 0.019481 0.054155 0.015585 0.015684 0.015684 0.033468
  0.013572 0.056580 0.018202 0.014908 0.018202 0.056580 0.014908 0.014975 0.014975 0.039118
  0.013934 0.059273 0.016987 0.014189 0.016987 0.059273 0.014189 0.014231 0.014231 0.047934
  0.014297 0.061552 0.015685 0.013014 0.015685 0.061552 0.013014 0.013043 0.013043 0.058057
  0.014661 0.061792 0.014088 0.011202 0.014088 0.061792 0.011202 0.011227 0.011227 0.066210
  0.015027 0.059477 0.012603 0.009007 0.012603 0.059477 0.009007 0.009035 0.009035 0.070771
  0.015393 0.055026 0.011941 0.007037 0.011941 0.055026 0.007037 0.007067 0.007067 0.072697
  0.015761 0.048857 0.012411 0.005825 0.012411 0.048857 0.005825 0.005853 0.005853 0.073733
  0.016130 0.041966 0.013584 0.005509 0.013584 0.041966 0.005509 0.005533 0.005533 0.075223
  0.016500 0.035739 0.014321 0.005852 0.014321 0.035739 0.005852 0.005871 0.005871 0.077125
  0.016871 0.030881 0.013705 0.006413 0.013705 0.030881 0.006413 0.006431 0.006431 0.077825
  0.017244 0.027281 0.011984 0.006827 0.011984 0.027281 0.006827 0.006848 0.006848 0.076530
  0.017617 0.024860 0.010155 0.007103 0.010155 0.024860 0.007103 0.007129 0.007129 0.075342
  0.017992 0.023997 0.009187 0.007700 0.009187 0.023997 0.007700 0.007732 0.007732 0.077778
  0.018368 0.025164 0.009782 0.009161 0.009782 0.025164 0.009161 0.009200 0.009200 0.085986
  0.018745 0.028479 0.012423 0.011520 0.012423 0.028479 0.011520 0.011568 0.011568 0.099564
  0.019124 0.033482 0.017195 0.014143 0.017195 0.033482 0.014143 0.014202 0.014202 0.115276
  0.019503 0.038965 0.023024 0.016394 0.023024 0.038965 0.016394 0.016461 0.016461 0.127303
  0.019884 0.043610 0.027323 0.018363 0.027323 0.043610 0.018363 0.018436 0.018436 0.130398
  0.020266 0.047282 0.027756 0.020488 0.027756 0.047282 0.020488 0.020569 0.020569 0.124544
  0.020649 0.050886 0.024561 0.022787 0.024561 0.050886 0.022787 0.022877 0.022877 0.114385
  0.021034 0.054354 0.019989 0.024810 0.019989 0.054354 0.024810 0.024902 0.024902 0.103219
  0.021420 0.056319 0.015701 0.026039 0.015701 0.056319 0.026039 0.026125 0.026125 0.091814
  0.021807 0.055659 0.012264 0.026042 0.012264 0.055659 0.026042 0.026117 0.026117 0.081756
  0.022195 0.051977 0.009911 0.024816 0.009911 0.051977 0.024816 0.024875 0.024875 0.074529
  0.022584 0.045272 0.008325 0.023228 0.008325 0.045272 0.023228 0.023254 0.023254 0.069005
  0.022975 0.036546 0.006987 0.022357 0.006987 0.036546 0.022357 0.022327 0.022327 0.064159
  0.023367 0.028503 0.006022 0.022725 0.006022 0.028503 0.022725 0.022621 0.022621 0.062029
  0.023760 0.023356 0.005887 0.024107 0.005887 0.023356 0.024107 0.023925 0.023925 0.063175
  0.024154 0.021315 0.006813 0.025911 0.006813 0.021315 0.025911 0.025661 0.025661 0.065273
  0.024550 0.021574 0.008806 0.027466 0.008806 0.021574 0.027466 0.027165 0.027165 0.067863
  0.024947 0.023011 0.011453 0.028219 0.011453 0.023011 0.028219 0.027882 0.027882 0.073754
  0.025345 0.024577 0.013786 0.027870 0.013786 0.024577 0.027870 0.027510 0.027510 0.086537
  0.025744 0.026078 0.015501 0.026393 0.015501 0.026078 0.026393 0.026028 0.026028 0.109632
  0.026145 0.028340 0.017277 0.023981 0.017277 0.028340 0.023981 0.023637 0.023637 0.143738
  0.026547 0.031478 0.018829 0.021083 0.018829 0.031478 0.021083 0.020785 0.020785 0.181366
  0.026950 0.034024 0.019274 0.018245 0.019274 0.034024 0.018245 0.018008 0.018008 0.208861
  0.027355 0.034258 0.018732 0.015957 0.018732 0.034258 0.015957 0.015778 0.015778 0.214977
  0.027761 0.031986 0.017409 0.014714 0.017409 0.031986 0.014714 0.014574 0.014574 0.198537
  0.028168 0.029430 0.015827 0.014906 0.015827 0.029430 0.014906 0.014780 0.014780 0.174237
  0.028576 0.028927 0.015800 0.016287 0.015800 0.028927 0.016287 0.016153 0.016153 0.162952
  0.028986 0.030268 0.018619 0.017425 0.018619 0.030268 0.017425 0.017277 0.017277 0.171971
  0.029397 0.031682 0.023309 0.016602 0.023309 0.031682 0.016602 0.016451 0.016451 0.192614
  0.029809 0.031540 0.026922 0.013715 0.026922 0.031540 0.013715 0.013573 0.013573 0.211793
  0.030223 0.029390 0.027516 0.010123 0.027516 0.029390 0.010123 0.010001 0.010001 0.229099
  0.030638 0.027359 0.027204 0.007113 0.027204 0.027359 0.007113 0.007018 0.007018 0.255409
  0.031054 0.027230 0.029100 0.005243 0.029100 0.027230 0.005243 0.005174 0.005174 0.288788
  0.031472 0.027423 0.033105 0.004332 0.033105 0.027423 0.004332 0.004282 0.004282 0.308680
  0.031891 0.026105 0.036994 0.003890 0.036994 0.026105 0.003890 0.003854 0.003854 0.297832
  0.032311 0.024098 0.039144 0.003586 0.039144 0.024098 0.003586 0.003559 0.003559 0.262789
  0.032733 0.022725 0.039145 0.003303 0.039145 0.022725 0.003303 0.003282 0.003282 0.218514
  0.033156 0.021933 0.036947 0.003041 0.036947 0.021933 0.003041 0.003024 0.003024 0.170335
  0.033580 0.021476 0.032399 0.002971 0.032399 0.021476 0.002971 0.002953 0.002953 0.125456
  0.034006 0.021698 0.026345 0.003467 0.026345 0.021698 0.003467 0.003445 0.003445 0.089866
  0.034433 0.023690 0.021471 0.005173 0.021471 0.023690 0.005173 0.005137 0.005137 0.067420
  0.034861 0.028073 0.019577 0.008925 0.019577 0.028073 0.008925 0.008857 0.008857 0.059514
  0.035291 0.032956 0.019637 0.015146 0.019637 0.032956 0.015146 0.015014 0.015014 0.060874
  0.035722 0.037415 0.020106 0.022876 0.020106 0.037415 0.022876 0.022651 0.022651 0.064770
  0.036155 0.043582 0.020826 0.029955 0.020826 0.043582 0.029955 0.029635 0.029635 0.067926
  0.036589 0.051608 0.021013 0.035348 0.021013 0.051608 0.035348 0.034967 0.034967 0.067329
  0.037024 0.062451 0.020438 0.040216 0.020438 0.062451 0.040216 0.039794 0.039794 0.066504
  0.037461 0.080957 0.020703 0.045026 0.020703 0.080957 0.045026 0.044557 0.044557 0.075067
  0.037899 0.109833 0.022989 0.049182 0.022989 0.109833 0.049182 0.048661 0.048661 0.096036
  0.038338 0.144488 0.026521 0.052452 0.026521 0.144488 0.052452 0.051891 0.051891 0.123556
  0.038779 0.174919 0.028426 0.054264 0.028426 0.174919 0.054264 0.053683 0.053683 0.147933
  0.039221 0.192134 0.026759 0.053180 0.026759 0.192134 0.053180 0.052613 0.052613 0.160449
  0.039665 0.197869 0.023005 0.048308 0.023005 0.197869 0.048308 0.047812 0.047812 0.162070
  0.040110 0.200257 0.019860 0.041872 0.019860 0.200257 0.041872 0.041484 0.041484 0.162206
  0.040556 0.198232 0.017870 0.035995 0.017870 0.198232 0.035995 0.035690 0.035690 0.163676
  0.041004 0.189218 0.016119 0.031020 0.016119 0.189218 0.031020 0.030737 0.030737 0.163308
  0.041454 0.173142 0.013939 0.026961 0.013939 0.173142 0.026961 0.026660 0.026660 0.157346
  0.041904 0.151083 0.011470 0.024053 0.011470 0.151083 0.024053 0.023748 0.023748 0.145953
  0.042357 0.126890 0.009527 0.022019 0.009527 0.126890 0.022019 0.021760 0.021760 0.134623
  0.042810 0.103512 0.008283 0.020493 0.008283 0.103512 0.020493 0.020328 0.020328 0.124607
  0.043265 0.083869 0.007333 0.020119 0.007333 0.083869 0.020119 0.020055 0.020055 0.113137
  0.043722 0.073708 0.006801 0.021841 0.006801 0.073708 0.021841 0.021842 0.021842 0.106196
  0.044180 0.076500 0.007213 0.025579 0.007213 0.076500 0.025579 0.025593 0.025593 0.114898
  0.044639 0.088918 0.008293 0.029908 0.008293 0.088918 0.029908 0.029904 0.029904 0.134087
  0.045100 0.108499 0.009500 0.033531 0.009500 0.108499 0.033531 0.033511 0.033511 0.152551
  0.045563 0.136447 0.011140 0.035888 0.011140 0.136447 0.035888 0.035862 0.035862 0.176712
  0.046027 0.165064 0.013423 0.035048 0.013423 0.165064 0.035048 0.035011 0.035011 0.209125
  0.046492 0.180575 0.015946 0.029102 0.015946 0.180575 0.029102 0.029061 0.029061 0.234915
  0.046959 0.176582 0.018060 0.019941 0.018060 0.176582 0.019941 0.019914 0.019914 0.238448
  0.047427 0.149836 0.018867 0.011503 0.018867 0.149836 0.011503 0.011492 0.011492 0.209963
  0.047897 0.106679 0.017733 0.005850 0.017733 0.106679 0.005850 0.005847 0.005847 0.155756
  0.048368 0.064486 0.015260 0.002753 0.015260 0.064486 0.002753 0.002752 0.002752 0.099042
  0.048841 0.034480 0.012348 0.001249 0.012348 0.034480 0.001249 0.001249 0.001249 0.057033
  0.049315 0.016916 0.008890 0.000557 0.008890 0.016916 0.000557 0.000557 0.000557 0.030522
  0.049791 0.007696 0.005315 0.000241 0.005315 0.007696 0.000241 0.000241 0.000241 0.014902
  0.050269 0.003263 0.002643 0.000100 0.002643 0.003263 0.000100 0.000100 0.000100 0.006599
  0.050747 0.001314 0.001152 0.000040 0.001152 0.001314 0.000040 0.000040 0.000040 0.002715
  0.051228 0.000514 0.000466 0.000016 0.000466 0.000514 0.000016 0.000016 0.000016 0.001071
  0.051710 0.000199 0.000182 0.000006 0.000182 0.000199 0.000006 0.000006 0.000006 0.000414
  0.052193 0.000080 0.000070 0.000003 0.000070 0.000080 0.000003 0.000003 0.000003 0.000158
  0.052678 0.000041 0.000027 0.000002 0.000027 0.000041 0.000002 0.000002 0.000002 0.000060
  0.053165 0.000043 0.000011 0.000003 0.000011 0.000043 0.000003 0.000003 0.000003 0.000023
  0.053653 0.000089 0.000006 0.000008 0.000006 0.000089 0.000008 0.000008 0.000008 0.000010
  0.054142 0.000227 0.000008 0.000020 0.000008 0.000227 0.000020 0.000020 0.000020 0.000007
  0.054634 0.000596 0.000018 0.000053 0.000018 0.000596 0.000053 0.000053 0.000053 0.000012
  0.055126 0.001553 0.000046 0.000136 0.000046 0.001553 0.000136 0.000136 0.000136 0.000029
  0.055621 0.003904 0.000116 0.000326 0.000116 0.003904 0.000326 0.000326 0.000326 0.000075
  0.056117 0.009095 0.000270 0.000693 0.000270 0.009095 0.000693 0.000693 0.000693 0.000182
  0.056614 0.018726 0.000565 0.001233 0.000565 0.018726 0.001233 0.001233 0.001233 0.000408
  0.057113 0.033296 0.001020 0.001801 0.001020 0.033296 0.001801 0.001803 0.001803 0.000807
  0.057614 0.051697 0.001548 0.002193 0.001548 0.051697 0.002193 0.002196 0.002196 0.001383
  0.058116 0.072383 0.001955 0.002315 0.001955 0.072383 0.002315 0.002319 0.002319 0.002058
  0.058620 0.094830 0.002127 0.002210 0.002127 0.094830 0.002210 0.002214 0.002214 0.002766
  0.059126 0.120953 0.002139 0.002017 0.002139 0.120953 0.002017 0.002021 0.002021 0.003621
  0.059633 0.155162 0.002111 0.001806 0.002111 0.155162 0.001806 0.001810 0.001810 0.005051
  0.060141 0.206988 0.002134 0.001539 0.002134 0.206988 0.001539 0.001541 0.001541 0.007740
  0.060652 0.282825 0.002277 0.001246 0.002277 0.282825 0.001246 0.001246 0.001246 0.011892
  0.061164 0.371732 0.002460 0.001013 0.002460 0.371732 0.001013 0.001011 0.001011 0.016161
  0.061677 0.436576 0.002509 0.000871 0.002509 0.436576 0.000871 0.000868 0.000868 0.018948
  0.062193 0.430199 0.002303 0.000795 0.002303 0.430199 0.000795 0.000791 0.000791 0.019900
  0.062709 0.357971 0.001916 0.000751 0.001916 0.357971 0.000751 0.000746 0.000746 0.019076
  0.063228 0.270023 0.001525 0.000706 0.001525 0.270023 0.000706 0.000700 0.000700 0.016838
  0.063748 0.200168 0.001230 0.000659 0.001230 0.200168 0.000659 0.000652 0.000652 0.014273
  0.064270 0.153895 0.001035 0.000638 0.001035 0.153895 0.000638 0.000630 0.000630 0.012023
  0.064793 0.126335 0.000910 0.000612 0.000910 0.126335 0.000612 0.000604 0.000604 0.010437
  0.065319 0.108113 0.000803 0.000547 0.000803 0.108113 0.000547 0.000541 0.000541 0.009271
  0.065845 0.091513 0.000698 0.000493 0.000698 0.091513 0.000493 0.000489 0.000489 0.008078
  0.066374 0.078380 0.000619 0.000492 0.000619 0.078380 0.000492 0.000487 0.000487 0.007067
  0.066904 0.063851 0.000514 0.000456 0.000514 0.063851 0.000456 0.000450 0.000450 0.005872
  0.067436 0.045171 0.000371 0.000372 0.000371 0.045171 0.000372 0.000364 0.000364 0.004259
  0.067970 0.026949 0.000237 0.000294 0.000237 0.026949 0.000294 0.000285 0.000285 0.002607
  0.068505 0.013420 0.000134 0.000214 0.000134 0.013420 0.000214 0.000206 0.000206 0.001329
  0.069042 0.005750 0.000067 0.000130 0.000067 0.005750 0.000130 0.000125 0.000125 0.000580
  0.069580 0.002214 0.000029 0.000064 0.000029 0.002214 0.000064 0.000062 0.000062 0.000226
  0.070121 0.000796 0.000011 0.000026 0.000011 0.000796 0.000026 0.000026 0.000026 0.000082
  0.070663 0.000276 0.000004 0.000010 0.000004 0.000276 0.000010 0.000009 0.000009 0.000028
  0.071207 0.000094 0.000001 0.000003 0.000001 0.000094 0.000003 0.000003 0.000003 0.000010
  0.071752 0.000032 0.000000 0.000001 0.000000 0.000032 0.000001 0.000001 0.000001 0.000003
  0.072300 0.000011 0.000000 0.000000 0.000000 0.000011 0.000000 0.000000 0.000000 0.000001
  0.072849 0.000004 0.000000 0.000000 0.000000 0.000004 0.000000 0.000000 0.000000 0.000000
  0.073400 0.000001 0.000000 0.000000 0.000000 0.000001 0.000000 0.000000 0.000000 0.000000
  0.073952 0.000000 0.000000 0.000000 0.000000 0.000000 0.000000 0.000000 0.000000 0.000000
  0.074507 0.000000 0.000000 0.000000 0.000000 0.000000 0.000000 0.000000 0.000000 0.000000
  0.075063 0.000000 0.000000 0.000000 0.000000 0.000000 0.000000 0.000000 0.000000 0.000000
  0.075621 0.000000 0.000000 0.000000 0.000000 0.000000 0.000000 0.000000 0.000000 0.000000
  0.076180 0.000000 0.000000 0.000000 0.000000 0.000000 0.000000 0.000000 0.000000 0.000000
  0.076742 0.000000 0.000000 0.000000 0.000000 0.000000 0.000000 0.000000 0.000000 0.000000
  0.077305 0.000000 0.000000 0.000000 0.000000 0.000000 0.000000 0.000000 0.000000 0.000001
  0.077870 0.000000 0.000000 0.000000 0.000000 0.000000 0.000000 0.000000 0.000000 0.000003
  0.078437 0.000000 0.000000 0.000000 0.000000 0.000000 0.000000 0.000000 0.000000 0.000009
  0.079005 0.000001 0.000000 0.000000 0.000000 0.000001 0.000000 0.000000 0.000000 0.000030
  0.079576 0.000002 0.000001 0.000001 0.000001 0.000002 0.000001 0.000001 0.000001 0.000093
  0.080148 0.000008 0.000005 0.000003 0.000005 0.000008 0.000003 0.000003 0.000003 0.000290
  0.080722 0.000024 0.000014 0.000008 0.000014 0.000024 0.000008 0.000009 0.000009 0.000912
  0.081298 0.000076 0.000045 0.000027 0.000045 0.000076 0.000027 0.000027 0.000027 0.002843
  0.081876 0.000232 0.000137 0.000081 0.000137 0.000232 0.000081 0.000081 0.000081 0.008634
  0.082455 0.000663 0.000385 0.000231 0.000385 0.000663 0.000231 0.000231 0.000231 0.024026
  0.083037 0.001590 0.000873 0.000534 0.000873 0.001590 0.000534 0.000535 0.000535 0.052842
  0.083620 0.002940 0.001298 0.000822 0.001298 0.002940 0.000822 0.000823 0.000823 0.073983
  0.084205 0.005340 0.001259 0.000805 0.001259 0.005340 0.000805 0.000805 0.000805 0.069528
  0.084792 0.011918 0.001390 0.000835 0.001390 0.011918 0.000835 0.000835 0.000835 0.083016
  0.085381 0.022997 0.002119 0.001229 0.002119 0.022997 0.001229 0.001227 0.001227 0.133745
  0.085972 0.026081 0.002364 0.001394 0.002364 0.026081 0.001394 0.001392 0.001392 0.151189
  0.086565 0.015985 0.001495 0.000906 0.001495 0.015985 0.000906 0.000905 0.000905 0.096709
  0.087159 0.006946 0.000634 0.000390 0.000634 0.006946 0.000390 0.000389 0.000389 0.041679
  0.087756 0.004083 0.000259 0.000154 0.000259 0.004083 0.000154 0.000154 0.000154 0.017762
  0.088354 0.006963 0.000224 0.000115 0.000224 0.006963 0.000115 0.000115 0.000115 0.017181
  0.088954 0.019085 0.000499 0.000237 0.000499 0.019085 0.000237 0.000238 0.000238 0.040963
  0.089556 0.046724 0.001221 0.000575 0.001221 0.046724 0.000575 0.000576 0.000576 0.106227
  0.090160 0.076114 0.002092 0.000993 0.002092 0.076114 0.000993 0.000995 0.000995 0.201136
  0.090766 0.069079 0.002040 0.000987 0.002040 0.069079 0.000987 0.000989 0.000989 0.223508
  0.091374 0.042402 0.001227 0.000594 0.001227 0.042402 0.000594 0.000595 0.000595 0.148374
  0.091984 0.040380 0.000746 0.000333 0.000746 0.040380 0.000333 0.000334 0.000334 0.086414
  0.092596 0.081900 0.001011 0.000396 0.001011 0.081900 0.000396 0.000398 0.000398 0.106648
  0.093210 0.158706 0.001981 0.000753 0.001981 0.158706 0.000753 0.000757 0.000757 0.244984
  0.093825 0.201201 0.003062 0.001167 0.003062 0.201201 0.001167 0.001173 0.001173 0.516347
  0.094443 0.186615 0.003499 0.001323 0.003499 0.186615 0.001323 0.001328 0.001328 0.769882
  0.095063 0.163329 0.003069 0.001134 0.003069 0.163329 0.001134 0.001134 0.001134 0.808626
  0.095684 0.120356 0.002039 0.000742 0.002039 0.120356 0.000742 0.000741 0.000741 0.599085
  0.096308 0.057852 0.000924 0.000335 0.000924 0.057852 0.000335 0.000334 0.000334 0.284232
  0.096933 0.020134 0.000315 0.000114 0.000315 0.020134 0.000114 0.000114 0.000114 0.098386
  0.097561 0.006104 0.000095 0.000034 0.000095 0.006104 0.000034 0.000034 0.000034 0.029779
  0.098191 0.001765 0.000027 0.000010 0.000027 0.001765 0.000010 0.000010 0.000010 0.008605
  0.098822 0.000502 0.000008 0.000003 0.000008 0.000502 0.000003 0.000003 0.000003 0.002445
  0.099456 0.000141 0.000002 0.000001 0.000002 0.000141 0.000001 0.000001 0.000001 0.000690
  0.100091 0.000040 0.000001 0.000000 0.000001 0.000040 0.000000 0.000000 0.000000 0.000194
  0.100729 0.000011 0.000000 0.000000 0.000000 0.000011 0.000000 0.000000 0.000000 0.000054
  0.101369 0.000003 0.000000 0.000000 0.000000 0.000003 0.000000 0.000000 0.000000 0.000015
  0.102010 0.000001 0.000000 0.000000 0.000000 0.000001 0.000000 0.000000 0.000000 0.000004
  0.102654 0.000000 0.000000 0.000000 0.000000 0.000000 0.000000 0.000000 0.000000 0.000001
  0.103300 0.000000 0.000000 0.000000 0.000000 0.000000 0.000000 0.000000 0.000000 0.000000
