 8.690 0.000000 0.000000 0.000040
 8.695 0.000000 0.000000 0.000049
 8.700 0.000000 0.000000 0.000060
 8.705 0.000000 0.000000 0.000072
 8.710 0.000000 0.000000 0.000088
 8.715 0.000000 0.000000 0.000106
 8.720 0.000000 0.000000 0.000129
 8.725 0.000000 0.000000 0.000156
 8.730 0.000000 0.000000 0.000189
 8.735 0.000000 0.000000 0.000230
 8.740 0.000000 0.000000 0.000278
 8.745 0.000000 0.000000 0.000337
 8.750 0.000000 0.000000 0.000409
 8.755 0.000000 0.000000 0.000495
 8.760 0.000000 0.000000 0.000599
 8.765 0.000000 0.000000 0.000725
 8.770 0.000000 0.000000 0.000876
 8.775 0.000000 0.000000 0.001059
 8.780 0.000000 0.000000 0.001278
 8.785 0.000000 0.000000 0.001542
 8.790 0.000000 0.000000 0.001857
 8.795 0.000000 0.000000 0.002233
 8.800 0.000000 0.000000 0.002681
 8.805 0.000000 0.000000 0.003211
 8.810 0.000000 0.000000 0.003838
 8.815 0.000000 0.000000 0.004572
 8.820 0.000000 0.000000 0.005429
 8.825 0.000000 0.000000 0.006420
 8.830 0.000000 0.000000 0.007557
 8.835 0.000000 0.000000 0.008850
 8.840 0.000000 0.000000 0.010302
 8.845 0.000000 0.000000 0.011913
 8.850 0.000000 0.000000 0.013677
 8.855 0.000000 0.000000 0.015578
 8.860 0.000000 0.000000 0.017595
 8.865 0.000001 0.000001 0.019700
 8.870 0.000001 0.000001 0.021857
 8.875 0.000001 0.000001 0.024030
 8.880 0.000001 0.000001 0.026179
 8.885 0.000001 0.000001 0.028269
 8.890 0.000001 0.000001 0.030269
 8.895 0.000001 0.000001 0.032154
 8.900 0.000001 0.000001 0.033905
 8.905 0.000001 0.000001 0.035514
 8.910 0.000001 0.000001 0.036976
 8.915 0.000001 0.000001 0.038294
 8.920 0.000001 0.000001 0.039475
 8.925 0.000002 0.000002 0.040527
 8.930 0.000002 0.000002 0.041463
 8.935 0.000002 0.000002 0.042294
 8.940 0.000002 0.000002 0.043033
 8.945 0.000002 0.000002 0.043692
 8.950 0.000002 0.000002 0.044282
 8.955 0.000002 0.000002 0.044813
 8.960 0.000002 0.000002 0.045294
 8.965 0.000002 0.000002 0.045733
 8.970 0.000003 0.000003 0.046138
 8.975 0.000003 0.000003 0.046513
 8.980 0.000003 0.000003 0.046864
 8.985 0.000003 0.000003 0.047195
 8.990 0.000003 0.000003 0.047510
 8.995 0.000003 0.000003 0.047811
 9.000 0.000003 0.000003 0.048102
 9.005 0.000004 0.000004 0.048385
 9.010 0.000004 0.000004 0.048663
 9.015 0.000004 0.000004 0.048936
 9.020 0.000004 0.000004 0.049204
 9.025 0.000004 0.000004 0.049468
 9.030 0.000005 0.000005 0.049729
 9.035 0.000005 0.000005 0.049988
 9.040 0.000005 0.000005 0.050246
 9.045 0.000005 0.000005 0.050507
 9.050 0.000005 0.000005 0.050770
 9.055 0.000006 0.000006 0.051034
 9.060 0.000006 0.000006 0.051300
 9.065 0.000006 0.000006 0.051565
 9.070 0.000006 0.000006 0.051828
 9.075 0.000006 0.000006 0.052090
 9.080 0.000007 0.000007 0.052353
 9.085 0.000007 0.000007 0.052618
 9.090 0.000007 0.000007 0.052888
 9.095 0.000008 0.000008 0.053164
 9.100 0.000008 0.000008 0.053445
 9.105 0.000008 0.000008 0.053730
 9.110 0.000008 0.000008 0.054015
 9.115 0.000009 0.000009 0.054298
 9.120 0.000009 0.000009 0.054577
 9.125 0.000009 0.000009 0.054855
 9.130 0.000010 0.000010 0.055134
 9.135 0.000010 0.000010 0.055418
 9.140 0.000010 0.000010 0.055710
 9.145 0.000011 0.000011 0.056011
 9.150 0.000011 0.000011 0.056320
 9.155 0.000012 0.000012 0.056633
 9.160 0.000012 0.000012 0.056945
 9.165 0.000012 0.000012 0.057254
 9.170 0.000013 0.000013 0.057557
 9.175 0.000013 0.000013 0.057857
 9.180 0.000014 0.000014 0.058156
 9.185 0.000014 0.000014 0.058460
 9.190 0.000014 0.000014 0.058773
 9.195 0.000015 0.000015 0.059098
 9.200 0.000015 0.000015 0.059435
 9.205 0.000016 0.000016 0.059779
 9.210 0.000016 0.000016 0.060126
 9.215 0.000017 0.000017 0.060469
 9.220 0.000017 0.000017 0.060805
 9.225 0.000018 0.000018 0.061133
 9.230 0.000019 0.000019 0.061456
 9.235 0.000019 0.000019 0.061781
 9.240 0.000020 0.000020 0.062113
 9.245 0.000020 0.000020 0.062457
 9.250 0.000021 0.000021 0.062817
 9.255 0.000021 0.000021 0.063190
 9.260 0.000022 0.000022 0.063571
 9.265 0.000023 0.000023 0.063954
 9.270 0.000023 0.000023 0.064332
 9.275 0.000024 0.000024 0.064702
 9.280 0.000025 0.000025 0.065061
 9.285 0.000025 0.000025 0.065415
 9.290 0.000026 0.000026 0.065768
 9.295 0.000027 0.000027 0.066128
 9.300 0.000028 0.000028 0.066502
 9.305 0.000028 0.000028 0.066894
 9.310 0.000029 0.000029 0.067302
 9.315 0.000030 0.000030 0.067722
 9.320 0.000031 0.000031 0.068146
 9.325 0.000032 0.000032 0.068566
 9.330 0.000032 0.000032 0.068975
 9.335 0.000033 0.000033 0.069373
 9.340 0.000034 0.000034 0.069762
 9.345 0.000035 0.000035 0.070147
 9.350 0.000036 0.000036 0.070537
 9.355 0.000037 0.000037 0.070941
 9.360 0.000038 0.000038 0.071363
 9.365 0.000039 0.000039 0.071804
 9.370 0.000040 0.000040 0.072260
 9.375 0.000041 0.000041 0.072725
 9.380 0.000042 0.000042 0.073190
 9.385 0.000043 0.000043 0.073646
 9.390 0.000044 0.000044 0.074090
 9.395 0.000045 0.000045 0.074521
 9.400 0.000046 0.000046 0.074944
 9.405 0.000047 0.000047 0.075368
 9.410 0.000049 0.000049 0.075801
 9.415 0.000050 0.000050 0.076251
 9.420 0.000051 0.000051 0.076722
 9.425 0.000052 0.000052 0.077212
 9.430 0.000053 0.000053 0.077717
 9.435 0.000055 0.000055 0.078226
 9.440 0.000056 0.000056 0.078731
 9.445 0.000057 0.000057 0.079225
 9.450 0.000059 0.000059 0.079704
 9.455 0.000060 0.000060 0.080172
 9.460 0.000062 0.000062 0.080634
 9.465 0.000063 0.000063 0.081100
 9.470 0.000064 0.000064 0.081579
 9.475 0.000066 0.000066 0.082078
 9.480 0.000067 0.000067 0.082598
 9.485 0.000069 0.000069 0.083137
 9.490 0.000071 0.000071 0.083687
 9.495 0.000072 0.000072 0.084238
 9.500 0.000074 0.000074 0.084782
 9.505 0.000076 0.000076 0.085313
 9.510 0.000077 0.000077 0.085829
 9.515 0.000079 0.000079 0.086335
 9.520 0.000081 0.000081 0.086838
 9.525 0.000083 0.000083 0.087348
 9.530 0.000084 0.000084 0.087875
 9.535 0.000086 0.000086 0.088422
 9.540 0.000088 0.000088 0.088991
 9.545 0.000090 0.000090 0.089576
 9.550 0.000092 0.000092 0.090168
 9.555 0.000094 0.000094 0.090757
 9.560 0.000096 0.000096 0.091336
 9.565 0.000098 0.000098 0.091901
 9.570 0.000100 0.000100 0.092451
 9.575 0.000103 0.000103 0.092994
 9.580 0.000105 0.000105 0.093539
 9.585 0.000107 0.000107 0.094094
 9.590 0.000109 0.000109 0.094667
 9.595 0.000111 0.000111 0.095262
 9.600 0.000114 0.000114 0.095875
 9.605 0.000116 0.000116 0.096501
 9.610 0.000119 0.000119 0.097128
 9.615 0.000121 0.000121 0.097749
 9.620 0.000124 0.000124 0.098356
 9.625 0.000126 0.000126 0.098948
 9.630 0.000129 0.000129 0.099529
 9.635 0.000131 0.000131 0.100107
 9.640 0.000134 0.000134 0.100691
 9.645 0.000137 0.000137 0.101289
 9.650 0.000140 0.000140 0.101907
 9.655 0.000142 0.000142 0.102544
 9.660 0.000145 0.000145 0.103196
 9.665 0.000148 0.000148 0.103852
 9.670 0.000151 0.000151 0.104505
 9.675 0.000154 0.000154 0.105146
 9.680 0.000157 0.000157 0.105772
 9.685 0.000160 0.000160 0.106385
 9.690 0.000164 0.000164 0.106992
 9.695 0.000167 0.000167 0.107601
 9.700 0.000170 0.000170 0.108222
 9.705 0.000173 0.000173 0.108859
 9.710 0.000177 0.000177 0.109516
 9.715 0.000180 0.000180 0.110186
 9.720 0.000184 0.000184 0.110863
 9.725 0.000187 0.000187 0.111537
 9.730 0.000191 0.000191 0.112201
 9.735 0.000194 0.000194 0.112850
 9.740 0.000198 0.000198 0.113486
 9.745 0.000202 0.000202 0.114114
 9.750 0.000206 0.000206 0.114742
 9.755 0.000209 0.000209 0.115380
 9.760 0.000213 0.000213 0.116033
 9.765 0.000217 0.000217 0.116703
 9.770 0.000222 0.000222 0.117386
 9.775 0.000226 0.000226 0.118074
 9.780 0.000230 0.000230 0.118760
 9.785 0.000234 0.000234 0.119434
 9.790 0.000239 0.000239 0.120095
 9.795 0.000243 0.000243 0.120742
 9.800 0.000247 0.000247 0.121381
 9.805 0.000252 0.000252 0.122021
 9.810 0.000256 0.000256 0.122670
 9.815 0.000261 0.000261 0.123332
 9.820 0.000266 0.000266 0.124010
 9.825 0.000271 0.000271 0.124698
 9.830 0.000276 0.000276 0.125389
 9.835 0.000281 0.000281 0.126075
 9.840 0.000286 0.000286 0.126749
 9.845 0.000291 0.000291 0.127409
 9.850 0.000296 0.000296 0.128057
 9.855 0.000301 0.000301 0.128699
 9.860 0.000307 0.000307 0.129342
 9.865 0.000312 0.000312 0.129995
 9.870 0.000317 0.000317 0.130662
 9.875 0.000323 0.000323 0.131340
 9.880 0.000329 0.000329 0.132026
 9.885 0.000335 0.000335 0.132711
 9.890 0.000341 0.000341 0.133387
 9.895 0.000347 0.000347 0.134051
 9.900 0.000353 0.000353 0.134700
 9.905 0.000359 0.000359 0.135340
 9.910 0.000365 0.000365 0.135977
 9.915 0.000371 0.000371 0.136619
 9.920 0.000378 0.000378 0.137271
 9.925 0.000384 0.000384 0.137935
 9.930 0.000391 0.000391 0.138608
 9.935 0.000398 0.000398 0.139283
 9.940 0.000405 0.000405 0.139953
 9.945 0.000412 0.000412 0.140611
 9.950 0.000419 0.000419 0.141255
 9.955 0.000426 0.000426 0.141887
 9.960 0.000433 0.000433 0.142514
 9.965 0.000441 0.000441 0.143143
 9.970 0.000448 0.000448 0.143780
 9.975 0.000456 0.000456 0.144427
 9.980 0.000464 0.000464 0.145084
 9.985 0.000472 0.000472 0.145744
 9.990 0.000480 0.000480 0.146400
 9.995 0.000488 0.000488 0.147047
10.000 0.000497 0.000497 0.147680
10.005 0.000505 0.000505 0.148301
10.010 0.000514 0.000514 0.148914
10.015 0.000523 0.000523 0.149528
10.020 0.000532 0.000532 0.150149
10.025 0.000541 0.000541 0.150779
10.030 0.000550 0.000550 0.151418
10.035 0.000559 0.000559 0.152062
10.040 0.000569 0.000569 0.152702
10.045 0.000579 0.000579 0.153333
10.050 0.000589 0.000589 0.153951
10.055 0.000599 0.000599 0.154557
10.060 0.000609 0.000609 0.155156
10.065 0.000620 0.000620 0.155755
10.070 0.000630 0.000630 0.156360
10.075 0.000641 0.000641 0.156974
10.080 0.000652 0.000652 0.157597
10.085 0.000663 0.000663 0.158223
10.090 0.000675 0.000675 0.158847
10.095 0.000687 0.000687 0.159462
10.100 0.000699 0.000699 0.160064
10.105 0.000711 0.000711 0.160655
10.110 0.000723 0.000723 0.161240
10.115 0.000736 0.000736 0.161824
10.120 0.000748 0.000748 0.162415
10.125 0.000762 0.000762 0.163016
10.130 0.000775 0.000775 0.163625
10.135 0.000789 0.000789 0.164238
10.140 0.000803 0.000803 0.164847
10.145 0.000817 0.000817 0.165446
10.150 0.000831 0.000831 0.166034
10.155 0.000846 0.000846 0.166612
10.160 0.000861 0.000861 0.167184
10.165 0.000876 0.000876 0.167758
10.170 0.000892 0.000892 0.168340
10.175 0.000908 0.000908 0.168931
10.180 0.000925 0.000925 0.169530
10.185 0.000942 0.000942 0.170132
10.190 0.000959 0.000959 0.170731
10.195 0.000976 0.000976 0.171319
10.200 0.000994 0.000994 0.171896
10.205 0.001013 0.001013 0.172464
10.210 0.001031 0.001031 0.173029
10.215 0.001050 0.001050 0.173598
10.220 0.001070 0.001070 0.174175
10.225 0.001090 0.001090 0.174763
10.230 0.001111 0.001111 0.175358
10.235 0.001132 0.001132 0.175955
10.240 0.001154 0.001154 0.176548
10.245 0.001176 0.001176 0.177130
10.250 0.001198 0.001198 0.177702
10.255 0.001221 0.001221 0.178267
10.260 0.001245 0.001245 0.178831
10.265 0.001269 0.001269 0.179400
10.270 0.001294 0.001294 0.179980
10.275 0.001320 0.001320 0.180571
10.280 0.001347 0.001347 0.181169
10.285 0.001374 0.001374 0.181768
10.290 0.001402 0.001402 0.182361
10.295 0.001431 0.001431 0.182944
10.300 0.001460 0.001460 0.183518
10.305 0.001490 0.001490 0.184087
10.310 0.001521 0.001521 0.184657
10.315 0.001553 0.001553 0.185235
10.320 0.001587 0.001587 0.185825
10.325 0.001621 0.001621 0.186427
10.330 0.001656 0.001656 0.187035
10.335 0.001693 0.001693 0.187643
10.340 0.001731 0.001731 0.188244
10.345 0.001770 0.001770 0.188836
10.350 0.001810 0.001810 0.189420
10.355 0.001852 0.001852 0.190000
10.360 0.001895 0.001895 0.190586
10.365 0.001941 0.001941 0.191181
10.370 0.001988 0.001988 0.191789
10.375 0.002038 0.002038 0.192409
10.380 0.002090 0.002090 0.193035
10.385 0.002144 0.002144 0.193659
10.390 0.002201 0.002201 0.194276
10.395 0.002261 0.002261 0.194885
10.400 0.002325 0.002325 0.195487
10.405 0.002393 0.002393 0.196089
10.410 0.002465 0.002465 0.196697
10.415 0.002542 0.002542 0.197318
10.420 0.002626 0.002626 0.197953
10.425 0.002716 0.002716 0.198598
10.430 0.002814 0.002814 0.199249
10.435 0.002920 0.002920 0.199898
10.440 0.003037 0.003037 0.200539
10.445 0.003167 0.003167 0.201172
10.450 0.003310 0.003310 0.201801
10.455 0.003470 0.003470 0.202432
10.460 0.003651 0.003651 0.203072
10.465 0.003855 0.003855 0.203727
10.470 0.004087 0.004087 0.204395
10.475 0.004352 0.004352 0.205074
10.480 0.004657 0.004657 0.205756
10.485 0.005008 0.005008 0.206435
10.490 0.005415 0.005415 0.207108
10.495 0.005889 0.005889 0.207774
10.500 0.006442 0.006442 0.208438
10.505 0.007090 0.007090 0.209106
10.510 0.007852 0.007852 0.209786
10.515 0.008750 0.008750 0.210481
10.520 0.009808 0.009808 0.211189
10.525 0.011058 0.011058 0.211906
10.530 0.012534 0.012534 0.212625
10.535 0.014278 0.014278 0.213341
10.540 0.016339 0.016339 0.214051
10.545 0.018769 0.018769 0.214756
10.550 0.021631 0.021631 0.215462
10.555 0.024994 0.024994 0.216176
10.560 0.028931 0.028931 0.216902
10.565 0.033523 0.033523 0.217642
10.570 0.038849 0.038849 0.218393
10.575 0.044991 0.044991 0.219152
10.580 0.052026 0.052026 0.219911
10.585 0.060020 0.060020 0.220668
10.590 0.069026 0.069026 0.221420
10.595 0.079077 0.079077 0.222172
10.600 0.090185 0.090185 0.222927
10.605 0.102335 0.102335 0.223692
10.610 0.115491 0.115491 0.224469
10.615 0.129596 0.129596 0.225258
10.620 0.144582 0.144582 0.226058
10.625 0.160374 0.160374 0.226864
10.630 0.176904 0.176904 0.227672
10.635 0.194113 0.194113 0.228481
10.640 0.211961 0.211961 0.229291
10.645 0.230427 0.230427 0.230104
10.650 0.249508 0.249508 0.230926
10.655 0.269221 0.269221 0.231759
10.660 0.289594 0.289594 0.232606
10.665 0.310667 0.310667 0.233467
10.670 0.332480 0.332480 0.234341
10.675 0.355075 0.355075 0.235224
10.680 0.378487 0.378487 0.236115
10.685 0.402738 0.402738 0.237013
10.690 0.427836 0.427836 0.237920
10.695 0.453773 0.453773 0.238836
10.700 0.480519 0.480519 0.239767
10.705 0.508029 0.508029 0.240713
10.710 0.536242 0.536242 0.241676
10.715 0.565086 0.565086 0.242656
10.720 0.594480 0.594480 0.243651
10.725 0.624341 0.624341 0.244658
10.730 0.654583 0.654583 0.245675
10.735 0.685116 0.685116 0.246701
10.740 0.715842 0.715842 0.247736
10.745 0.746653 0.746653 0.248779
10.750 0.777423 0.777423 0.249829
10.755 0.808005 0.808005 0.250887
10.760 0.838229 0.838229 0.251949
10.765 0.867905 0.867905 0.253009
10.770 0.896825 0.896825 0.254064
10.775 0.924780 0.924780 0.255107
10.780 0.951564 0.951564 0.256135
10.785 0.976998 0.976998 0.257145
10.790 1.000934 1.000934 0.258134
10.795 1.023272 1.023272 0.259100
10.800 1.043964 1.043964 0.260043
10.805 1.063012 1.063012 0.260959
10.810 1.080467 1.080467 0.261846
10.815 1.096421 1.096421 0.262701
10.820 1.110991 1.110991 0.263524
10.825 1.124313 1.124313 0.264313
10.830 1.136529 1.136529 0.265069
10.835 1.147771 1.147771 0.265794
10.840 1.158157 1.158157 0.266490
10.845 1.167783 1.167783 0.267159
10.850 1.176714 1.176714 0.267803
10.855 1.184982 1.184982 0.268424
10.860 1.192580 1.192580 0.269028
10.865 1.199468 1.199468 0.269619
10.870 1.205565 1.205565 0.270209
10.875 1.210755 1.210755 0.270809
10.880 1.214893 1.214893 0.271434
10.885 1.217804 1.217804 0.272098
10.890 1.219298 1.219298 0.272815
10.895 1.219174 1.219174 0.273598
10.900 1.217234 1.217234 0.274453
10.905 1.213291 1.213291 0.275386
10.910 1.207192 1.207192 0.276396
10.915 1.198822 1.198822 0.277481
10.920 1.188128 1.188128 0.278637
10.925 1.175125 1.175125 0.279857
10.930 1.159908 1.159908 0.281132
10.935 1.142655 1.142655 0.282453
10.940 1.123623 1.123623 0.283809
10.945 1.103138 1.103138 0.285189
10.950 1.081575 1.081575 0.286580
10.955 1.059340 1.059340 0.287977
10.960 1.036839 1.036839 0.289372
10.965 1.014461 1.014461 0.290765
10.970 0.992562 0.992562 0.292157
10.975 0.971446 0.971446 0.293551
10.980 0.951362 0.951362 0.294951
10.985 0.932504 0.932504 0.296355
10.990 0.915007 0.915007 0.297765
10.995 0.898959 0.898959 0.299177
11.000 0.884396 0.884396 0.300589
11.005 0.871314 0.871314 0.302002
11.010 0.859666 0.859666 0.303417
11.015 0.849367 0.849367 0.304839
11.020 0.840293 0.840293 0.306272
11.025 0.832285 0.832285 0.307719
11.030 0.825149 0.825149 0.309179
11.035 0.818666 0.818666 0.310648
11.040 0.812596 0.812596 0.312124
11.045 0.806689 0.806689 0.313603
11.050 0.800698 0.800698 0.315085
11.055 0.794391 0.794391 0.316573
11.060 0.787571 0.787571 0.318071
11.065 0.780080 0.780080 0.319581
11.070 0.771815 0.771815 0.321106
11.075 0.762732 0.762732 0.322644
11.080 0.752848 0.752848 0.324192
11.085 0.742234 0.742234 0.325746
11.090 0.731009 0.731009 0.327306
11.095 0.719327 0.719327 0.328873
11.100 0.707360 0.707360 0.330453
11.105 0.695285 0.695285 0.332047
11.110 0.683268 0.683268 0.333660
11.115 0.671457 0.671457 0.335290
11.120 0.659975 0.659975 0.336936
11.125 0.648916 0.648916 0.338594
11.130 0.638344 0.638344 0.340263
11.135 0.628301 0.628301 0.341945
11.140 0.618806 0.618806 0.343640
11.145 0.609859 0.609859 0.345354
11.150 0.601450 0.601450 0.347089
11.155 0.593558 0.593558 0.348844
11.160 0.586155 0.586155 0.350617
11.165 0.579211 0.579211 0.352407
11.170 0.572696 0.572696 0.354212
11.175 0.566576 0.566576 0.356033
11.180 0.560822 0.560822 0.357871
11.185 0.555404 0.555404 0.359729
11.190 0.550296 0.550296 0.361610
11.195 0.545472 0.545472 0.363514
11.200 0.540910 0.540910 0.365439
11.205 0.536588 0.536588 0.367383
11.210 0.532488 0.532488 0.369347
11.215 0.528593 0.528593 0.371330
11.220 0.524888 0.524888 0.373334
11.225 0.521358 0.521358 0.375363
11.230 0.517992 0.517992 0.377417
11.235 0.514779 0.514779 0.379496
11.240 0.511709 0.511709 0.381599
11.245 0.508773 0.508773 0.383726
11.250 0.505963 0.505963 0.385876
11.255 0.503271 0.503271 0.388051
11.260 0.500691 0.500691 0.390253
11.265 0.498218 0.498218 0.392484
11.270 0.495845 0.495845 0.394743
11.275 0.493569 0.493569 0.397032
11.280 0.491385 0.491385 0.399349
11.285 0.489288 0.489288 0.401694
11.290 0.487275 0.487275 0.404070
11.295 0.485343 0.485343 0.406477
11.300 0.483488 0.483488 0.408916
11.305 0.481708 0.481708 0.411390
11.310 0.480001 0.480001 0.413898
11.315 0.478363 0.478363 0.416441
11.320 0.476792 0.476792 0.419018
11.325 0.475287 0.475287 0.421632
11.330 0.473845 0.473845 0.424283
11.335 0.472465 0.472465 0.426974
11.340 0.471146 0.471146 0.429705
11.345 0.469885 0.469885 0.432477
11.350 0.468682 0.468682 0.435291
11.355 0.467534 0.467534 0.438148
11.360 0.466441 0.466441 0.441050
11.365 0.465402 0.465402 0.443998
11.370 0.464415 0.464415 0.446994
11.375 0.463481 0.463481 0.450039
11.380 0.462597 0.462597 0.453135
11.385 0.461763 0.461763 0.456282
11.390 0.460978 0.460978 0.459484
11.395 0.460241 0.460241 0.462741
11.400 0.459553 0.459553 0.466056
11.405 0.458912 0.458912 0.469431
11.410 0.458318 0.458318 0.472868
11.415 0.457770 0.457770 0.476369
11.420 0.457268 0.457268 0.479937
11.425 0.456811 0.456811 0.483573
11.430 0.456400 0.456400 0.487282
11.435 0.456034 0.456034 0.491065
11.440 0.455713 0.455713 0.494926
11.445 0.455436 0.455436 0.498868
11.450 0.455203 0.455203 0.502894
11.455 0.455015 0.455015 0.507009
11.460 0.454872 0.454872 0.511216
11.465 0.454772 0.454772 0.515519
11.470 0.454717 0.454717 0.519924
11.475 0.454707 0.454707 0.524434
11.480 0.454741 0.454741 0.529057
11.485 0.454821 0.454821 0.533796
11.490 0.454945 0.454945 0.538659
11.495 0.455115 0.455115 0.543652
11.500 0.455331 0.455331 0.548783
11.505 0.455593 0.455593 0.554059
11.510 0.455902 0.455902 0.559490
11.515 0.456259 0.456259 0.565085
11.520 0.456663 0.456663 0.570854
11.525 0.457117 0.457117 0.576809
11.530 0.457620 0.457620 0.582961
11.535 0.458173 0.458173 0.589324
11.540 0.458778 0.458778 0.595914
11.545 0.459436 0.459436 0.602746
11.550 0.460148 0.460148 0.609837
11.555 0.460915 0.460915 0.617208
11.560 0.461739 0.461739 0.624879
11.565 0.462620 0.462620 0.632872
11.570 0.463562 0.463562 0.641213
11.575 0.464566 0.464566 0.649929
11.580 0.465633 0.465633 0.659048
11.585 0.466766 0.466766 0.668602
11.590 0.467967 0.467967 0.678622
11.595 0.469239 0.469239 0.689144
11.600 0.470584 0.470584 0.700203
11.605 0.472005 0.472005 0.711835
11.610 0.473504 0.473504 0.724075
11.615 0.475085 0.475085 0.736958
11.620 0.476749 0.476749 0.750511
11.625 0.478500 0.478500 0.764759
11.630 0.480339 0.480339 0.779713
11.635 0.482268 0.482268 0.795374
11.640 0.484289 0.484289 0.811719
11.645 0.486401 0.486401 0.828701
11.650 0.488602 0.488602 0.846240
11.655 0.490891 0.490891 0.864214
11.660 0.493262 0.493262 0.882452
11.665 0.495709 0.495709 0.900727
11.670 0.498221 0.498221 0.918750
11.675 0.500787 0.500787 0.936170
11.680 0.503393 0.503393 0.952580
11.685 0.506022 0.506022 0.967528
11.690 0.508657 0.508657 0.980539
11.695 0.511281 0.511281 0.991145
11.700 0.513879 0.513879 0.998919
11.705 0.516438 0.516438 1.003517
11.710 0.518951 0.518951 1.004708
11.715 0.521417 0.521417 1.002402
11.720 0.523840 0.523840 0.996658
11.725 0.526230 0.526230 0.987680
11.730 0.528604 0.528604 0.975796
11.735 0.530981 0.530981 0.961423
11.740 0.533386 0.533386 0.945033
11.745 0.535842 0.535842 0.927113
11.750 0.538374 0.538374 0.908135
11.755 0.541005 0.541005 0.888528
11.760 0.543758 0.543758 0.868670
11.765 0.546654 0.546654 0.848873
11.770 0.549711 0.549711 0.829387
11.775 0.552947 0.552947 0.810404
11.780 0.556379 0.556379 0.792061
11.785 0.560021 0.560021 0.774452
11.790 0.563889 0.563889 0.757635
11.795 0.567999 0.567999 0.741640
11.800 0.572365 0.572365 0.726473
11.805 0.577004 0.577004 0.712127
11.810 0.581934 0.581934 0.698581
11.815 0.587171 0.587171 0.685808
11.820 0.592736 0.592736 0.673777
11.825 0.598650 0.598650 0.662453
11.830 0.604934 0.604934 0.651803
11.835 0.611611 0.611611 0.641791
11.840 0.618705 0.618705 0.632385
11.845 0.626240 0.626240 0.623553
11.850 0.634241 0.634241 0.615267
11.855 0.642731 0.642731 0.607500
11.860 0.651731 0.651731 0.600225
11.865 0.661256 0.661256 0.593420
11.870 0.671316 0.671316 0.587063
11.875 0.681913 0.681913 0.581131
11.880 0.693034 0.693034 0.575604
11.885 0.704650 0.704650 0.570459
11.890 0.716710 0.716710 0.565672
11.895 0.729133 0.729133 0.561217
11.900 0.741810 0.741810 0.557065
11.905 0.754590 0.754590 0.553179
11.910 0.767281 0.767281 0.549521
11.915 0.779650 0.779650 0.546044
11.920 0.791422 0.791422 0.542696
11.925 0.802291 0.802291 0.539422
11.930 0.811932 0.811932 0.536162
11.935 0.820018 0.820018 0.532857
11.940 0.826248 0.826248 0.529451
11.945 0.830367 0.830367 0.525896
11.950 0.832193 0.832193 0.522152
11.955 0.831635 0.831635 0.518196
11.960 0.828698 0.828698 0.514018
11.965 0.823484 0.823484 0.509624
11.970 0.816179 0.816179 0.505033
11.975 0.807031 0.807031 0.500275
11.980 0.796325 0.796325 0.495386
11.985 0.784361 0.784361 0.490406
11.990 0.771426 0.771426 0.485375
11.995 0.757784 0.757784 0.480330
12.000 0.743655 0.743655 0.475304
12.005 0.729219 0.729219 0.470323
12.010 0.714607 0.714607 0.465409
12.015 0.699904 0.699904 0.460579
12.020 0.685156 0.685156 0.455844
12.025 0.670373 0.670373 0.451209
12.030 0.655535 0.655535 0.446679
12.035 0.640602 0.640602 0.442252
12.040 0.625513 0.625513 0.437927
12.045 0.610203 0.610203 0.433699
12.050 0.594602 0.594602 0.429563
12.055 0.578649 0.578649 0.425514
12.060 0.562294 0.562294 0.421543
12.065 0.545509 0.545509 0.417645
12.070 0.528288 0.528288 0.413812
12.075 0.510655 0.510655 0.410037
12.080 0.492662 0.492662 0.406313
12.085 0.474383 0.474383 0.402633
12.090 0.455912 0.455912 0.398989
12.095 0.437349 0.437349 0.395375
12.100 0.418793 0.418793 0.391782
12.105 0.400335 0.400335 0.388201
12.110 0.382047 0.382047 0.384625
12.115 0.363981 0.363981 0.381044
12.120 0.346170 0.346170 0.377448
12.125 0.328624 0.328624 0.373829
12.130 0.311342 0.311342 0.370178
12.135 0.294313 0.294313 0.366490
12.140 0.277525 0.277525 0.362759
12.145 0.260972 0.260972 0.358985
12.150 0.244657 0.244657 0.355171
12.155 0.228603 0.228603 0.351325
12.160 0.212848 0.212848 0.347461
12.165 0.197453 0.197453 0.343597
12.170 0.182493 0.182493 0.339756
12.175 0.168059 0.168059 0.335965
12.180 0.154245 0.154245 0.332250
12.185 0.141144 0.141144 0.328641
12.190 0.128839 0.128839 0.325159
12.195 0.117392 0.117392 0.321826
12.200 0.106847 0.106847 0.318655
12.205 0.097222 0.097222 0.315655
12.210 0.088510 0.088510 0.312826
12.215 0.080685 0.080685 0.310164
12.220 0.073702 0.073702 0.307662
12.225 0.067505 0.067505 0.305308
12.230 0.062029 0.062029 0.303087
12.235 0.057204 0.057204 0.300983
12.240 0.052963 0.052963 0.298982
12.245 0.049239 0.049239 0.297068
12.250 0.045968 0.045968 0.295226
12.255 0.043093 0.043093 0.293441
12.260 0.040562 0.040562 0.291702
12.265 0.038329 0.038329 0.289996
12.270 0.036352 0.036352 0.288312
12.275 0.034597 0.034597 0.286638
12.280 0.033032 0.033032 0.284964
12.285 0.031629 0.031629 0.283279
12.290 0.030367 0.030367 0.281573
12.295 0.029226 0.029226 0.279832
12.300 0.028187 0.028187 0.278046
12.305 0.027236 0.027236 0.276198
12.310 0.026360 0.026360 0.274272
12.315 0.025548 0.025548 0.272250
12.320 0.024789 0.024789 0.270110
12.325 0.024075 0.024075 0.267825
12.330 0.023397 0.023397 0.265366
12.335 0.022747 0.022747 0.262698
12.340 0.022118 0.022118 0.259782
12.345 0.021503 0.021503 0.256573
12.350 0.020895 0.020895 0.253017
12.355 0.020287 0.020287 0.249059
12.360 0.019673 0.019673 0.244635
12.365 0.019045 0.019045 0.239681
12.370 0.018397 0.018397 0.234126
12.375 0.017723 0.017723 0.227906
12.380 0.017018 0.017018 0.220959
12.385 0.016277 0.016277 0.213236
12.390 0.015496 0.015496 0.204706
12.395 0.014676 0.014676 0.195362
12.400 0.013817 0.013817 0.185229
12.405 0.012922 0.012922 0.174370
12.410 0.012000 0.012000 0.162886
12.415 0.011057 0.011057 0.150916
12.420 0.010107 0.010107 0.138633
12.425 0.009162 0.009162 0.126234
12.430 0.008235 0.008235 0.113926
12.435 0.007340 0.007340 0.101913
12.440 0.006489 0.006489 0.090385
12.445 0.005691 0.005691 0.079500
12.450 0.004954 0.004954 0.069382
12.455 0.004283 0.004283 0.060113
12.460 0.003679 0.003679 0.051736
12.465 0.003142 0.003142 0.044260
12.470 0.002670 0.002670 0.037660
12.475 0.002258 0.002258 0.031893
12.480 0.001903 0.001903 0.026897
12.485 0.001597 0.001597 0.022602
12.490 0.001337 0.001337 0.018934
12.495 0.001117 0.001117 0.015819
12.500 0.000930 0.000930 0.013187
12.505 0.000774 0.000774 0.010972
12.510 0.000643 0.000643 0.009115
12.515 0.000533 0.000533 0.007562
12.520 0.000441 0.000441 0.006266
12.525 0.000365 0.000365 0.005188
12.530 0.000302 0.000302 0.004291
12.535 0.000250 0.000250 0.003548
12.540 0.000206 0.000206 0.002931
12.545 0.000170 0.000170 0.002421
12.550 0.000141 0.000141 0.001999
12.555 0.000116 0.000116 0.001650
12.560 0.000096 0.000096 0.001361
12.565 0.000079 0.000079 0.001123
12.570 0.000065 0.000065 0.000926
12.575 0.000054 0.000054 0.000764
12.580 0.000044 0.000044 0.000630
12.585 0.000037 0.000037 0.000519
12.590 0.000030 0.000030 0.000428
12.595 0.000025 0.000025 0.000353
12.600 0.000020 0.000020 0.000291
12.605 0.000017 0.000017 0.000240
12.610 0.000014 0.000014 0.000198
