   5   5   5
  18
   0.000000000000000E+00   0.000000000000000E+00   0.000000000000000E+00
  -0.200000000000000E+00   0.000000000000000E+00   0.607198994027036E-01
  -0.400000000000000E+00   0.000000000000000E+00   0.121439798805407E+00
  -0.200000000000000E+00   0.200000000000000E+00   0.121439798805407E+00
  -0.400000000000000E+00   0.200000000000000E+00   0.182159698208111E+00
   0.400000000000000E+00   0.200000000000000E+00  -0.607198994027036E-01
   0.200000000000000E+00   0.200000000000000E+00   0.208166817117217E-16
  -0.400000000000000E+00   0.400000000000000E+00   0.242879597610814E+00
   0.400000000000000E+00   0.400000000000000E+00   0.000000000000000E+00
   0.000000000000000E+00   0.000000000000000E+00   0.121439798805407E+00
  -0.200000000000000E+00   0.000000000000000E+00   0.182159698208111E+00
   0.600000000000000E+00   0.000000000000000E+00  -0.607198994027036E-01
   0.400000000000000E+00   0.000000000000000E+00   0.208166817117217E-16
  -0.200000000000000E+00   0.200000000000000E+00   0.242879597610814E+00
   0.600000000000000E+00   0.200000000000000E+00   0.000000000000000E+00
   0.400000000000000E+00  -0.600000000000000E+00  -0.182159698208111E+00
   0.000000000000000E+00   0.000000000000000E+00   0.242879597610814E+00
   0.800000000000000E+00   0.000000000000000E+00   0.000000000000000E+00
