Dynamical matrix file
Sr2RuO4                                                                    
  3    7   7   7.3000120   0.0000000   3.2938131   0.0000000   0.0000000   0.0000000
           1  'Sr     '    79860.7445811805     
           2  'Ru     '    92119.6696509919     
           3  'O      '    14582.1964454954     
    1    1      0.0000000000      0.0000000000      1.1602701746
    2    1      0.0000000000      0.0000000000     -1.1602701746
    3    2      0.0000000000      0.0000000000      0.0000000000
    4    3      0.0000000000      0.0000000000      0.5380857149
    5    3      0.0000000000      0.0000000000     -0.5380857149
    6    3      0.0000000000     -0.5000000000      0.0000000000
    7    3      0.5000000000      0.0000000000      0.0000000000

     Dynamical  Matrix in cartesian axes

     q = (    0.000000000   0.000000000   0.121439799 ) 

    1    1
  0.06724560   0.00000000     0.00000000   0.00000000     0.00000000   0.00000000
  0.00000000   0.00000000     0.06724560   0.00000000    -0.00000000   0.00000000
  0.00000000   0.00000000    -0.00000000   0.00000000     0.19934231   0.00000000
    1    2
 -0.00534298  -0.01253791     0.00000000   0.00000000    -0.00000000   0.00000000
  0.00000000   0.00000000    -0.00534298  -0.01253791     0.00000000  -0.00000000
 -0.00000000   0.00000000     0.00000000  -0.00000000    -0.00142930  -0.05874498
    1    3
 -0.01125233  -0.02924357     0.00000000   0.00000000     0.00000000   0.00000000
  0.00000000   0.00000000    -0.01125233  -0.02924357    -0.00000000   0.00000000
  0.00000000   0.00000000    -0.00000000   0.00000000    -0.04406764  -0.00396972
    1    4
 -0.00655359  -0.00009061    -0.00000000   0.00000000    -0.00000000  -0.00000000
  0.00000000   0.00000000    -0.00655359  -0.00009061    -0.00000000   0.00000000
 -0.00000000  -0.00000000     0.00000000   0.00000000    -0.02985906  -0.00647103
    1    5
 -0.00047479  -0.00227685    -0.00000000   0.00000000    -0.00000000   0.00000000
 -0.00000000   0.00000000    -0.00047479  -0.00227685     0.00000000  -0.00000000
  0.00000000   0.00000000     0.00000000  -0.00000000    -0.00999449  -0.04791054
    1    6
 -0.00380906  -0.01173112     0.00000000   0.00000000     0.00000000  -0.00000000
  0.00000000   0.00000000    -0.00011113  -0.00119579    -0.00000000   0.00000000
  0.00000000   0.00000000    -0.00000000  -0.00000000     0.00781116  -0.01550608
    1    7
 -0.00011113  -0.00119579     0.00000000   0.00000000     0.00000000   0.00000000
  0.00000000   0.00000000    -0.00380906  -0.01173112    -0.00000000  -0.00000000
  0.00000000   0.00000000    -0.00000000  -0.00000000     0.00781116  -0.01550608
    2    1
 -0.00534298   0.01253791     0.00000000  -0.00000000    -0.00000000   0.00000000
  0.00000000  -0.00000000    -0.00534298   0.01253791     0.00000000   0.00000000
 -0.00000000  -0.00000000     0.00000000   0.00000000    -0.00142930   0.05874498
    2    2
  0.06724560   0.00000000     0.00000000   0.00000000     0.00000000   0.00000000
  0.00000000   0.00000000     0.06724560   0.00000000    -0.00000000   0.00000000
  0.00000000   0.00000000    -0.00000000   0.00000000     0.19934231   0.00000000
    2    3
 -0.01125233   0.02924357     0.00000000  -0.00000000     0.00000000   0.00000000
  0.00000000  -0.00000000    -0.01125233   0.02924357    -0.00000000   0.00000000
  0.00000000   0.00000000    -0.00000000   0.00000000    -0.04406764   0.00396972
    2    4
 -0.00047479   0.00227685    -0.00000000  -0.00000000    -0.00000000  -0.00000000
 -0.00000000  -0.00000000    -0.00047479   0.00227685     0.00000000   0.00000000
  0.00000000  -0.00000000     0.00000000   0.00000000    -0.00999449   0.04791054
    2    5
 -0.00655359   0.00009061    -0.00000000   0.00000000    -0.00000000   0.00000000
  0.00000000   0.00000000    -0.00655359   0.00009061    -0.00000000  -0.00000000
 -0.00000000   0.00000000     0.00000000  -0.00000000    -0.02985906   0.00647103
    2    6
 -0.00380906   0.01173112     0.00000000  -0.00000000     0.00000000   0.00000000
  0.00000000   0.00000000    -0.00011113   0.00119579    -0.00000000  -0.00000000
  0.00000000  -0.00000000    -0.00000000   0.00000000     0.00781116   0.01550608
    2    7
 -0.00011113   0.00119579     0.00000000  -0.00000000     0.00000000  -0.00000000
  0.00000000  -0.00000000    -0.00380906   0.01173112    -0.00000000   0.00000000
  0.00000000  -0.00000000    -0.00000000   0.00000000     0.00781116   0.01550608
    3    1
 -0.01125233   0.02924357     0.00000000  -0.00000000    -0.00000000  -0.00000000
  0.00000000  -0.00000000    -0.01125233   0.02924357     0.00000000   0.00000000
  0.00000000  -0.00000000    -0.00000000   0.00000000    -0.04406764   0.00396972
    3    2
 -0.01125233  -0.02924357     0.00000000   0.00000000    -0.00000000   0.00000000
  0.00000000   0.00000000    -0.01125233  -0.02924357     0.00000000  -0.00000000
  0.00000000   0.00000000    -0.00000000  -0.00000000    -0.04406764  -0.00396972
    3    3
  0.63300257   0.00000000    -0.00000000   0.00000000     0.00000000   0.00000000
 -0.00000000   0.00000000     0.63300257   0.00000000     0.00000000   0.00000000
  0.00000000   0.00000000    -0.00000000   0.00000000     0.45772307   0.00000000
    3    4
 -0.06078619   0.00083989     0.00000000  -0.00000000    -0.00000000   0.00000000
  0.00000000   0.00000000    -0.06078619   0.00083989    -0.00000000   0.00000000
  0.00000000   0.00000000     0.00000000  -0.00000000    -0.12240299  -0.03079209
    3    5
 -0.06078619  -0.00083989     0.00000000   0.00000000    -0.00000000   0.00000000
  0.00000000   0.00000000    -0.06078619  -0.00083989    -0.00000000   0.00000000
  0.00000000   0.00000000     0.00000000   0.00000000    -0.12240299   0.03079209
    3    6
 -0.03125182   0.00000000    -0.00000000   0.00000000    -0.00000000   0.00000000
 -0.00000000   0.00000000    -0.41445336   0.00000000     0.00000000   0.00000000
  0.00000000   0.00000000     0.00000000   0.00000000    -0.08304328   0.00000000
    3    7
 -0.41445336   0.00000000    -0.00000000   0.00000000    -0.00000000   0.00000000
 -0.00000000   0.00000000    -0.03125182   0.00000000     0.00000000   0.00000000
 -0.00000000   0.00000000     0.00000000   0.00000000    -0.08304328   0.00000000
    4    1
 -0.00655359   0.00009061     0.00000000   0.00000000    -0.00000000   0.00000000
  0.00000000   0.00000000    -0.00655359   0.00009061    -0.00000000  -0.00000000
  0.00000000   0.00000000    -0.00000000  -0.00000000    -0.02985906   0.00647103
    4    2
 -0.00047479  -0.00227685    -0.00000000   0.00000000     0.00000000   0.00000000
 -0.00000000   0.00000000    -0.00047479  -0.00227685     0.00000000   0.00000000
 -0.00000000   0.00000000     0.00000000   0.00000000    -0.00999449  -0.04791054
    4    3
 -0.06078619  -0.00083989     0.00000000   0.00000000     0.00000000   0.00000000
  0.00000000   0.00000000    -0.06078619  -0.00083989     0.00000000   0.00000000
  0.00000000   0.00000000    -0.00000000   0.00000000    -0.12240299   0.03079209
    4    4
  0.06705628   0.00000000    -0.00000000   0.00000000     0.00000000   0.00000000
  0.00000000   0.00000000     0.06705628   0.00000000     0.00000000   0.00000000
 -0.00000000   0.00000000     0.00000000   0.00000000     0.29861119   0.00000000
    4    5
  0.00962694  -0.00634723     0.00000000  -0.00000000    -0.00000000   0.00000000
  0.00000000  -0.00000000     0.00962694  -0.00634723     0.00000000   0.00000000
 -0.00000000   0.00000000     0.00000000   0.00000000    -0.03586923  -0.04293403
    4    6
  0.00462867   0.00064192    -0.00000000   0.00000000     0.00000000   0.00000000
  0.00000000   0.00000000    -0.00708037  -0.00001106    -0.00000000   0.00000000
  0.00000000  -0.00000000     0.00000000   0.00000000    -0.01315219  -0.01331179
    4    7
 -0.00708037  -0.00001106     0.00000000   0.00000000     0.00000000  -0.00000000
  0.00000000   0.00000000     0.00462867   0.00064192     0.00000000   0.00000000
  0.00000000  -0.00000000    -0.00000000   0.00000000    -0.01315219  -0.01331179
    5    1
 -0.00047479   0.00227685    -0.00000000  -0.00000000     0.00000000   0.00000000
 -0.00000000  -0.00000000    -0.00047479   0.00227685     0.00000000   0.00000000
 -0.00000000   0.00000000     0.00000000   0.00000000    -0.00999449   0.04791054
    5    2
 -0.00655359  -0.00009061     0.00000000   0.00000000    -0.00000000  -0.00000000
  0.00000000   0.00000000    -0.00655359  -0.00009061    -0.00000000   0.00000000
  0.00000000  -0.00000000    -0.00000000   0.00000000    -0.02985906  -0.00647103
    5    3
 -0.06078619   0.00083989     0.00000000   0.00000000     0.00000000  -0.00000000
  0.00000000   0.00000000    -0.06078619   0.00083989     0.00000000  -0.00000000
  0.00000000   0.00000000    -0.00000000  -0.00000000    -0.12240299  -0.03079209
    5    4
  0.00962694   0.00634723     0.00000000   0.00000000    -0.00000000   0.00000000
  0.00000000   0.00000000     0.00962694   0.00634723     0.00000000   0.00000000
 -0.00000000   0.00000000     0.00000000   0.00000000    -0.03586923   0.04293403
    5    5
  0.06705628  -0.00000000    -0.00000000   0.00000000     0.00000000   0.00000000
  0.00000000   0.00000000     0.06705628  -0.00000000     0.00000000   0.00000000
 -0.00000000   0.00000000     0.00000000   0.00000000     0.29861119  -0.00000000
    5    6
  0.00462867  -0.00064192    -0.00000000   0.00000000     0.00000000   0.00000000
  0.00000000   0.00000000    -0.00708037   0.00001106    -0.00000000   0.00000000
  0.00000000   0.00000000     0.00000000  -0.00000000    -0.01315219   0.01331179
    5    7
 -0.00708037   0.00001106     0.00000000   0.00000000     0.00000000   0.00000000
  0.00000000   0.00000000     0.00462867  -0.00064192     0.00000000  -0.00000000
  0.00000000   0.00000000    -0.00000000  -0.00000000    -0.01315219   0.01331179
    6    1
 -0.00380906   0.01173112     0.00000000   0.00000000     0.00000000   0.00000000
  0.00000000   0.00000000    -0.00011113   0.00119579    -0.00000000  -0.00000000
  0.00000000   0.00000000    -0.00000000  -0.00000000     0.00781116   0.01550608
    6    2
 -0.00380906  -0.01173112     0.00000000   0.00000000     0.00000000  -0.00000000
  0.00000000   0.00000000    -0.00011113  -0.00119579    -0.00000000   0.00000000
  0.00000000   0.00000000    -0.00000000   0.00000000     0.00781116  -0.01550608
    6    3
 -0.03125182   0.00000000    -0.00000000   0.00000000    -0.00000000   0.00000000
 -0.00000000   0.00000000    -0.41445336   0.00000000     0.00000000   0.00000000
  0.00000000   0.00000000     0.00000000   0.00000000    -0.08304328   0.00000000
    6    4
  0.00462867  -0.00064192     0.00000000   0.00000000     0.00000000   0.00000000
  0.00000000   0.00000000    -0.00708037   0.00001106    -0.00000000  -0.00000000
  0.00000000   0.00000000    -0.00000000  -0.00000000    -0.01315219   0.01331179
    6    5
  0.00462867   0.00064192     0.00000000   0.00000000     0.00000000   0.00000000
  0.00000000   0.00000000    -0.00708037  -0.00001106    -0.00000000   0.00000000
  0.00000000  -0.00000000    -0.00000000   0.00000000    -0.01315219  -0.01331179
    6    6
  0.10297516   0.00000000    -0.00000000   0.00000000     0.00000000   0.00000000
 -0.00000000   0.00000000     0.48828356   0.00000000    -0.00000000   0.00000000
  0.00000000   0.00000000    -0.00000000   0.00000000     0.11790881   0.00000000
    6    7
 -0.05768816   0.00000000     0.00000000   0.00000000     0.00000000   0.00000000
  0.00000000   0.00000000    -0.05768816   0.00000000     0.00000000   0.00000000
  0.00000000   0.00000000     0.00000000   0.00000000     0.01847190   0.00000000
    7    1
 -0.00011113   0.00119579     0.00000000  -0.00000000     0.00000000   0.00000000
  0.00000000   0.00000000    -0.00380906   0.01173112    -0.00000000  -0.00000000
  0.00000000   0.00000000    -0.00000000   0.00000000     0.00781116   0.01550608
    7    2
 -0.00011113  -0.00119579     0.00000000   0.00000000     0.00000000   0.00000000
  0.00000000   0.00000000    -0.00380906  -0.01173112    -0.00000000   0.00000000
  0.00000000   0.00000000    -0.00000000  -0.00000000     0.00781116  -0.01550608
    7    3
 -0.41445336   0.00000000    -0.00000000   0.00000000    -0.00000000   0.00000000
 -0.00000000   0.00000000    -0.03125182   0.00000000     0.00000000   0.00000000
 -0.00000000   0.00000000     0.00000000   0.00000000    -0.08304328   0.00000000
    7    4
 -0.00708037   0.00001106     0.00000000  -0.00000000     0.00000000  -0.00000000
  0.00000000   0.00000000     0.00462867  -0.00064192    -0.00000000  -0.00000000
  0.00000000   0.00000000     0.00000000  -0.00000000    -0.01315219   0.01331179
    7    5
 -0.00708037  -0.00001106     0.00000000   0.00000000     0.00000000   0.00000000
  0.00000000   0.00000000     0.00462867   0.00064192    -0.00000000   0.00000000
  0.00000000  -0.00000000     0.00000000   0.00000000    -0.01315219  -0.01331179
    7    6
 -0.05768816   0.00000000     0.00000000   0.00000000    -0.00000000   0.00000000
  0.00000000   0.00000000    -0.05768816   0.00000000     0.00000000   0.00000000
  0.00000000   0.00000000     0.00000000   0.00000000     0.01847190   0.00000000
    7    7
  0.48828356   0.00000000     0.00000000   0.00000000     0.00000000   0.00000000
  0.00000000   0.00000000     0.10297516   0.00000000    -0.00000000   0.00000000
  0.00000000   0.00000000    -0.00000000   0.00000000     0.11790881   0.00000000

     Dynamical  Matrix in cartesian axes

     q = (    0.000000000   0.000000000  -0.121439799 ) 

    1    1
  0.06724560   0.00000000     0.00000000   0.00000000     0.00000000   0.00000000
  0.00000000   0.00000000     0.06724560   0.00000000    -0.00000000   0.00000000
  0.00000000   0.00000000    -0.00000000   0.00000000     0.19934231   0.00000000
    1    2
 -0.00534298   0.01253791     0.00000000  -0.00000000     0.00000000   0.00000000
  0.00000000  -0.00000000    -0.00534298   0.01253791    -0.00000000   0.00000000
  0.00000000  -0.00000000     0.00000000   0.00000000    -0.00142930   0.05874498
    1    3
 -0.01125233   0.02924357    -0.00000000  -0.00000000     0.00000000   0.00000000
  0.00000000  -0.00000000    -0.01125233   0.02924357    -0.00000000   0.00000000
  0.00000000   0.00000000     0.00000000   0.00000000    -0.04406764   0.00396972
    1    4
 -0.00655359   0.00009061     0.00000000   0.00000000     0.00000000   0.00000000
  0.00000000   0.00000000    -0.00655359   0.00009061    -0.00000000  -0.00000000
  0.00000000   0.00000000    -0.00000000  -0.00000000    -0.02985906   0.00647103
    1    5
 -0.00047479   0.00227685    -0.00000000  -0.00000000     0.00000000  -0.00000000
  0.00000000  -0.00000000    -0.00047479   0.00227685     0.00000000   0.00000000
  0.00000000  -0.00000000     0.00000000   0.00000000    -0.00999449   0.04791054
    1    6
 -0.00380906   0.01173112     0.00000000  -0.00000000     0.00000000  -0.00000000
  0.00000000  -0.00000000    -0.00011113   0.00119579    -0.00000000   0.00000000
  0.00000000  -0.00000000    -0.00000000   0.00000000     0.00781116   0.01550608
    1    7
 -0.00011113   0.00119579     0.00000000  -0.00000000     0.00000000  -0.00000000
  0.00000000  -0.00000000    -0.00380906   0.01173112     0.00000000   0.00000000
  0.00000000  -0.00000000    -0.00000000   0.00000000     0.00781116   0.01550608
    2    1
 -0.00534298  -0.01253791     0.00000000   0.00000000     0.00000000   0.00000000
  0.00000000   0.00000000    -0.00534298  -0.01253791    -0.00000000  -0.00000000
  0.00000000   0.00000000     0.00000000  -0.00000000    -0.00142930  -0.05874498
    2    2
  0.06724560   0.00000000     0.00000000   0.00000000     0.00000000   0.00000000
  0.00000000   0.00000000     0.06724560   0.00000000    -0.00000000   0.00000000
  0.00000000   0.00000000    -0.00000000   0.00000000     0.19934231   0.00000000
    2    3
 -0.01125233  -0.02924357    -0.00000000   0.00000000     0.00000000   0.00000000
  0.00000000   0.00000000    -0.01125233  -0.02924357    -0.00000000   0.00000000
  0.00000000   0.00000000     0.00000000   0.00000000    -0.04406764  -0.00396972
    2    4
 -0.00047479  -0.00227685    -0.00000000   0.00000000     0.00000000   0.00000000
  0.00000000   0.00000000    -0.00047479  -0.00227685     0.00000000  -0.00000000
  0.00000000   0.00000000     0.00000000  -0.00000000    -0.00999449  -0.04791054
    2    5
 -0.00655359  -0.00009061     0.00000000   0.00000000     0.00000000  -0.00000000
  0.00000000   0.00000000    -0.00655359  -0.00009061    -0.00000000   0.00000000
  0.00000000  -0.00000000    -0.00000000   0.00000000    -0.02985906  -0.00647103
    2    6
 -0.00380906  -0.01173112     0.00000000   0.00000000     0.00000000   0.00000000
  0.00000000   0.00000000    -0.00011113  -0.00119579    -0.00000000  -0.00000000
  0.00000000   0.00000000    -0.00000000  -0.00000000     0.00781116  -0.01550608
    2    7
 -0.00011113  -0.00119579     0.00000000   0.00000000     0.00000000   0.00000000
  0.00000000   0.00000000    -0.00380906  -0.01173112     0.00000000  -0.00000000
  0.00000000   0.00000000    -0.00000000  -0.00000000     0.00781116  -0.01550608
    3    1
 -0.01125233  -0.02924357     0.00000000   0.00000000     0.00000000   0.00000000
  0.00000000   0.00000000    -0.01125233  -0.02924357     0.00000000   0.00000000
  0.00000000   0.00000000     0.00000000  -0.00000000    -0.04406764  -0.00396972
    3    2
 -0.01125233   0.02924357     0.00000000  -0.00000000     0.00000000  -0.00000000
  0.00000000   0.00000000    -0.01125233   0.02924357     0.00000000  -0.00000000
  0.00000000  -0.00000000     0.00000000   0.00000000    -0.04406764   0.00396972
    3    3
  0.63300257   0.00000000     0.00000000   0.00000000     0.00000000   0.00000000
  0.00000000   0.00000000     0.63300257   0.00000000    -0.00000000   0.00000000
  0.00000000   0.00000000    -0.00000000   0.00000000     0.45772307   0.00000000
    3    4
 -0.06078619  -0.00083989     0.00000000  -0.00000000     0.00000000   0.00000000
  0.00000000  -0.00000000    -0.06078619  -0.00083989    -0.00000000   0.00000000
  0.00000000  -0.00000000    -0.00000000   0.00000000    -0.12240299   0.03079209
    3    5
 -0.06078619   0.00083989     0.00000000   0.00000000     0.00000000   0.00000000
  0.00000000   0.00000000    -0.06078619   0.00083989    -0.00000000  -0.00000000
  0.00000000   0.00000000    -0.00000000  -0.00000000    -0.12240299  -0.03079209
    3    6
 -0.03125182   0.00000000    -0.00000000   0.00000000    -0.00000000   0.00000000
 -0.00000000   0.00000000    -0.41445336   0.00000000     0.00000000   0.00000000
  0.00000000   0.00000000     0.00000000   0.00000000    -0.08304328   0.00000000
    3    7
 -0.41445336   0.00000000    -0.00000000   0.00000000    -0.00000000   0.00000000
 -0.00000000   0.00000000    -0.03125182   0.00000000     0.00000000   0.00000000
 -0.00000000   0.00000000     0.00000000   0.00000000    -0.08304328   0.00000000
    4    1
 -0.00655359  -0.00009061     0.00000000   0.00000000     0.00000000  -0.00000000
  0.00000000   0.00000000    -0.00655359  -0.00009061     0.00000000   0.00000000
  0.00000000  -0.00000000     0.00000000   0.00000000    -0.02985906  -0.00647103
    4    2
 -0.00047479   0.00227685     0.00000000  -0.00000000     0.00000000  -0.00000000
 -0.00000000  -0.00000000    -0.00047479   0.00227685     0.00000000   0.00000000
  0.00000000  -0.00000000     0.00000000   0.00000000    -0.00999449   0.04791054
    4    3
 -0.06078619   0.00083989     0.00000000   0.00000000     0.00000000  -0.00000000
  0.00000000   0.00000000    -0.06078619   0.00083989    -0.00000000   0.00000000
  0.00000000   0.00000000    -0.00000000  -0.00000000    -0.12240299  -0.03079209
    4    4
  0.06705628  -0.00000000     0.00000000   0.00000000     0.00000000   0.00000000
 -0.00000000   0.00000000     0.06705628  -0.00000000     0.00000000   0.00000000
 -0.00000000   0.00000000     0.00000000   0.00000000     0.29861119  -0.00000000
    4    5
  0.00962694   0.00634723     0.00000000   0.00000000    -0.00000000   0.00000000
  0.00000000   0.00000000     0.00962694   0.00634723     0.00000000   0.00000000
 -0.00000000   0.00000000     0.00000000   0.00000000    -0.03586923   0.04293403
    4    6
  0.00462867  -0.00064192     0.00000000   0.00000000     0.00000000   0.00000000
  0.00000000   0.00000000    -0.00708037   0.00001106     0.00000000   0.00000000
 -0.00000000   0.00000000     0.00000000  -0.00000000    -0.01315219   0.01331179
    4    7
 -0.00708037   0.00001106     0.00000000   0.00000000     0.00000000   0.00000000
  0.00000000   0.00000000     0.00462867  -0.00064192     0.00000000  -0.00000000
 -0.00000000   0.00000000     0.00000000  -0.00000000    -0.01315219   0.01331179
    5    1
 -0.00047479  -0.00227685     0.00000000   0.00000000     0.00000000   0.00000000
 -0.00000000   0.00000000    -0.00047479  -0.00227685     0.00000000   0.00000000
  0.00000000   0.00000000     0.00000000   0.00000000    -0.00999449  -0.04791054
    5    2
 -0.00655359   0.00009061     0.00000000   0.00000000     0.00000000   0.00000000
  0.00000000   0.00000000    -0.00655359   0.00009061     0.00000000  -0.00000000
  0.00000000   0.00000000     0.00000000  -0.00000000    -0.02985906   0.00647103
    5    3
 -0.06078619  -0.00083989     0.00000000   0.00000000     0.00000000   0.00000000
  0.00000000   0.00000000    -0.06078619  -0.00083989    -0.00000000   0.00000000
  0.00000000   0.00000000    -0.00000000   0.00000000    -0.12240299   0.03079209
    5    4
  0.00962694  -0.00634723     0.00000000  -0.00000000    -0.00000000   0.00000000
  0.00000000  -0.00000000     0.00962694  -0.00634723     0.00000000   0.00000000
 -0.00000000   0.00000000     0.00000000   0.00000000    -0.03586923  -0.04293403
    5    5
  0.06705628   0.00000000     0.00000000   0.00000000     0.00000000   0.00000000
 -0.00000000   0.00000000     0.06705628   0.00000000     0.00000000   0.00000000
 -0.00000000   0.00000000     0.00000000   0.00000000     0.29861119   0.00000000
    5    6
  0.00462867   0.00064192     0.00000000   0.00000000     0.00000000   0.00000000
  0.00000000   0.00000000    -0.00708037  -0.00001106     0.00000000   0.00000000
 -0.00000000  -0.00000000     0.00000000   0.00000000    -0.01315219  -0.01331179
    5    7
 -0.00708037  -0.00001106     0.00000000   0.00000000     0.00000000  -0.00000000
  0.00000000   0.00000000     0.00462867   0.00064192     0.00000000   0.00000000
 -0.00000000  -0.00000000     0.00000000   0.00000000    -0.01315219  -0.01331179
    6    1
 -0.00380906  -0.01173112     0.00000000   0.00000000     0.00000000   0.00000000
  0.00000000   0.00000000    -0.00011113  -0.00119579    -0.00000000   0.00000000
  0.00000000   0.00000000    -0.00000000  -0.00000000     0.00781116  -0.01550608
    6    2
 -0.00380906   0.01173112     0.00000000  -0.00000000     0.00000000   0.00000000
  0.00000000   0.00000000    -0.00011113   0.00119579    -0.00000000  -0.00000000
  0.00000000   0.00000000    -0.00000000   0.00000000     0.00781116   0.01550608
    6    3
 -0.03125182   0.00000000    -0.00000000   0.00000000    -0.00000000   0.00000000
 -0.00000000   0.00000000    -0.41445336   0.00000000     0.00000000   0.00000000
 -0.00000000   0.00000000     0.00000000   0.00000000    -0.08304328   0.00000000
    6    4
  0.00462867   0.00064192     0.00000000  -0.00000000     0.00000000   0.00000000
 -0.00000000  -0.00000000    -0.00708037  -0.00001106     0.00000000   0.00000000
  0.00000000  -0.00000000     0.00000000   0.00000000    -0.01315219  -0.01331179
    6    5
  0.00462867  -0.00064192     0.00000000   0.00000000     0.00000000   0.00000000
 -0.00000000   0.00000000    -0.00708037   0.00001106     0.00000000  -0.00000000
  0.00000000   0.00000000     0.00000000  -0.00000000    -0.01315219   0.01331179
    6    6
  0.10297516   0.00000000    -0.00000000   0.00000000     0.00000000   0.00000000
 -0.00000000   0.00000000     0.48828356   0.00000000     0.00000000   0.00000000
  0.00000000   0.00000000     0.00000000   0.00000000     0.11790881   0.00000000
    6    7
 -0.05768816   0.00000000     0.00000000   0.00000000    -0.00000000   0.00000000
 -0.00000000   0.00000000    -0.05768816   0.00000000     0.00000000   0.00000000
 -0.00000000   0.00000000     0.00000000   0.00000000     0.01847190   0.00000000
    7    1
 -0.00011113  -0.00119579     0.00000000  -0.00000000     0.00000000  -0.00000000
  0.00000000  -0.00000000    -0.00380906  -0.01173112    -0.00000000   0.00000000
  0.00000000  -0.00000000    -0.00000000   0.00000000     0.00781116  -0.01550608
    7    2
 -0.00011113   0.00119579     0.00000000   0.00000000     0.00000000   0.00000000
  0.00000000   0.00000000    -0.00380906   0.01173112    -0.00000000  -0.00000000
  0.00000000   0.00000000    -0.00000000  -0.00000000     0.00781116   0.01550608
    7    3
 -0.41445336   0.00000000    -0.00000000   0.00000000    -0.00000000   0.00000000
 -0.00000000   0.00000000    -0.03125182   0.00000000     0.00000000   0.00000000
 -0.00000000   0.00000000     0.00000000   0.00000000    -0.08304328   0.00000000
    7    4
 -0.00708037  -0.00001106     0.00000000   0.00000000     0.00000000   0.00000000
  0.00000000  -0.00000000     0.00462867   0.00064192    -0.00000000   0.00000000
  0.00000000  -0.00000000    -0.00000000   0.00000000    -0.01315219  -0.01331179
    7    5
 -0.00708037   0.00001106     0.00000000   0.00000000     0.00000000   0.00000000
  0.00000000   0.00000000     0.00462867  -0.00064192    -0.00000000  -0.00000000
  0.00000000   0.00000000    -0.00000000  -0.00000000    -0.01315219   0.01331179
    7    6
 -0.05768816   0.00000000     0.00000000   0.00000000     0.00000000   0.00000000
  0.00000000   0.00000000    -0.05768816   0.00000000     0.00000000   0.00000000
 -0.00000000   0.00000000     0.00000000   0.00000000     0.01847190   0.00000000
    7    7
  0.48828356   0.00000000     0.00000000   0.00000000     0.00000000   0.00000000
  0.00000000   0.00000000     0.10297516   0.00000000    -0.00000000   0.00000000
  0.00000000   0.00000000    -0.00000000   0.00000000     0.11790881   0.00000000

     Diagonalizing the dynamical matrix

     q = (    0.000000000   0.000000000   0.121439799 ) 

 **************************************************************************
     freq (    1) =       1.007132 [THz] =      33.594298 [cm-1]
 (  0.053380  0.072569  0.082974  0.365079  0.000000  0.000000 ) 
 (  0.052820 -0.072978  0.322350 -0.190416  0.000000 -0.000000 ) 
 (  0.088455 -0.000340  0.337598  0.145478  0.000000 -0.000000 ) 
 (  0.083148  0.019352  0.284701  0.211706  0.000000  0.000000 ) 
 (  0.082997 -0.019992  0.349408  0.061546  0.000000 -0.000000 ) 
 (  0.090604 -0.000349  0.339006  0.146085  0.000000  0.000000 ) 
 (  0.088824 -0.000342  0.345800  0.149013  0.000000  0.000000 ) 
     freq (    2) =       1.007132 [THz] =      33.594298 [cm-1]
 ( -0.214307 -0.306985  0.017785  0.088315 -0.000000 -0.000000 ) 
 ( -0.226952  0.297759  0.078676 -0.043885 -0.000000  0.000000 ) 
 ( -0.367529 -0.007685  0.080343  0.037006 -0.000000  0.000000 ) 
 ( -0.343455 -0.088953  0.067224  0.052622 -0.000000 -0.000000 ) 
 ( -0.346873  0.074519  0.083684  0.016886 -0.000000  0.000000 ) 
 ( -0.376458 -0.007871  0.080678  0.037160 -0.000000  0.000000 ) 
 ( -0.369062 -0.007717  0.082295  0.037905 -0.000000  0.000000 ) 
     freq (    3) =       1.995002 [THz] =      66.546103 [cm-1]
 ( -0.000000 -0.000000 -0.000000  0.000000  0.272430  0.289248 ) 
 ( -0.000000  0.000000  0.000000 -0.000000  0.272430 -0.289248 ) 
 ( -0.000000 -0.000000  0.000000  0.000000  0.393320 -0.000000 ) 
 ( -0.000000 -0.000000 -0.000000  0.000000  0.343416  0.089893 ) 
 ( -0.000000  0.000000 -0.000000  0.000000  0.343416 -0.089893 ) 
 ( -0.000000 -0.000000  0.000000  0.000000  0.372493  0.000000 ) 
 ( -0.000000 -0.000000 -0.000000  0.000000  0.372493  0.000000 ) 
     freq (    4) =       3.143551 [THz] =     104.857569 [cm-1]
 (  0.501038 -0.325617 -0.272226  0.107702  0.000000 -0.000000 ) 
 (  0.580309  0.142505 -0.264828 -0.124792  0.000000  0.000000 ) 
 ( -0.148663  0.025174  0.073834  0.002349 -0.000000  0.000000 ) 
 ( -0.102594 -0.003552  0.048921  0.011670 -0.000000  0.000000 ) 
 ( -0.095705  0.037131  0.049564 -0.008536 -0.000000 -0.000000 ) 
 ( -0.154645  0.026187  0.075684  0.002408 -0.000000 -0.000000 ) 
 ( -0.152387  0.025805  0.076805  0.002444 -0.000000  0.000000 ) 
     freq (    5) =       3.143551 [THz] =     104.857569 [cm-1]
 (  0.060408 -0.286457  0.236758 -0.548645  0.000000 -0.000000 ) 
 (  0.250213 -0.151987  0.562075 -0.202825  0.000000 -0.000000 ) 
 ( -0.042704  0.060277 -0.109823  0.103312  0.000000  0.000000 ) 
 ( -0.036729  0.034358 -0.087382  0.053876  0.000000  0.000000 ) 
 ( -0.020233  0.046045 -0.059110  0.083930 -0.000000 -0.000000 ) 
 ( -0.044423  0.062703 -0.112575  0.105900 -0.000000  0.000000 ) 
 ( -0.043774  0.061787 -0.114243  0.107469  0.000000  0.000000 ) 
     freq (    6) =       3.894914 [THz] =     129.920335 [cm-1]
 (  0.167571  0.240987  0.161656  0.184744  0.000000  0.000000 ) 
 ( -0.067572 -0.285637 -0.082685 -0.231142 -0.000000 -0.000000 ) 
 ( -0.268868  0.120053 -0.212331  0.124749  0.000000  0.000000 ) 
 ( -0.296447  0.123714 -0.234914  0.130352  0.000000  0.000000 ) 
 ( -0.290004  0.138143 -0.228219  0.141748 -0.000000  0.000000 ) 
 ( -0.176254  0.078699 -0.211190  0.124079 -0.000000  0.000000 ) 
 ( -0.267424  0.119408 -0.139192  0.081778  0.000000  0.000000 ) 
     freq (    7) =       3.894914 [THz] =     129.920335 [cm-1]
 (  0.105217  0.221794 -0.154468 -0.249588  0.000000  0.000000 ) 
 ( -0.016593 -0.244924  0.052228  0.288837  0.000000 -0.000000 ) 
 ( -0.238283  0.062190  0.274893 -0.105528 -0.000000 -0.000000 ) 
 ( -0.261539  0.061430  0.302628 -0.107712  0.000000  0.000000 ) 
 ( -0.258201  0.074218  0.296965 -0.122465 -0.000000 -0.000000 ) 
 ( -0.156205  0.040768  0.273417 -0.104962  0.000000 -0.000000 ) 
 ( -0.237003  0.061856  0.180204 -0.069178 -0.000000  0.000000 ) 
     freq (    8) =       5.519407 [THz] =     184.107601 [cm-1]
 ( -0.000000 -0.000000  0.000000  0.000000  0.366722  0.155298 ) 
 ( -0.000000  0.000000 -0.000000 -0.000000  0.366722 -0.155298 ) 
 (  0.000000  0.000000 -0.000000  0.000000 -0.454421  0.000000 ) 
 ( -0.000000  0.000000 -0.000000 -0.000000 -0.191875  0.041376 ) 
 ( -0.000000  0.000000  0.000000  0.000000 -0.191875 -0.041376 ) 
 (  0.000000  0.000000 -0.000000  0.000000 -0.446789 -0.000000 ) 
 (  0.000000  0.000000 -0.000000 -0.000000 -0.446789  0.000000 ) 
     freq (    9) =       5.797382 [THz] =     193.379833 [cm-1]
 ( -0.000000  0.000000  0.000000  0.000000  0.397544 -0.558082 ) 
 ( -0.000000 -0.000000  0.000000 -0.000000  0.397544  0.558082 ) 
 ( -0.000000 -0.000000 -0.000000 -0.000000  0.228271 -0.000000 ) 
 (  0.000000 -0.000000  0.000000 -0.000000  0.057697 -0.000190 ) 
 ( -0.000000 -0.000000 -0.000000 -0.000000  0.057697  0.000190 ) 
 ( -0.000000  0.000000 -0.000000 -0.000000 -0.033469  0.000000 ) 
 ( -0.000000 -0.000000 -0.000000  0.000000 -0.033469  0.000000 ) 
     freq (   10) =       6.468956 [THz] =     215.781134 [cm-1]
 ( -0.006102 -0.005880  0.001367  0.002119 -0.000000 -0.000000 ) 
 ( -0.003749  0.007599  0.001604 -0.001945  0.000000  0.000000 ) 
 ( -0.035303  0.006161  0.010643  0.000621 -0.000000 -0.000000 ) 
 (  0.221412  0.632722 -0.021014 -0.198322 -0.000000  0.000000 ) 
 ( -0.006011 -0.670316 -0.043928  0.194534 -0.000000 -0.000000 ) 
 ( -0.125575  0.021917  0.014208  0.000829  0.000000 -0.000000 ) 
 ( -0.047124  0.008225  0.037860  0.002208 -0.000000  0.000000 ) 
     freq (   11) =       6.468956 [THz] =     215.781134 [cm-1]
 (  0.001202  0.002216  0.002225  0.008176  0.000000 -0.000000 ) 
 (  0.001747 -0.001818  0.007115 -0.004603 -0.000000  0.000000 ) 
 (  0.010565  0.001428  0.033470  0.012805  0.000000  0.000000 ) 
 ( -0.005877 -0.199346  0.134215 -0.656770 -0.000000  0.000000 ) 
 ( -0.058589  0.190632 -0.338437  0.578637  0.000000 -0.000000 ) 
 (  0.037582  0.005080  0.044679  0.017093  0.000000  0.000000 ) 
 (  0.014104  0.001906  0.119057  0.045550 -0.000000  0.000000 ) 
     freq (   12) =       7.774275 [THz] =     259.321916 [cm-1]
 ( -0.003014  0.022105 -0.000273 -0.007496  0.000000  0.000000 ) 
 ( -0.000165 -0.022309  0.001338  0.007381  0.000000 -0.000000 ) 
 ( -0.054029 -0.003466  0.018097 -0.001960 -0.000000 -0.000000 ) 
 (  0.506727 -0.118615 -0.161036  0.068442  0.000000 -0.000000 ) 
 (  0.487415  0.182397 -0.171954 -0.032382  0.000000  0.000000 ) 
 ( -0.580515 -0.037245  0.040170 -0.004350  0.000000 -0.000000 ) 
 ( -0.119929 -0.007694  0.194445 -0.021057 -0.000000  0.000000 ) 
     freq (   13) =       7.774275 [THz] =     259.321916 [cm-1]
 (  0.002873 -0.006929  0.004892 -0.021766  0.000000 -0.000000 ) 
 ( -0.001857  0.007267 -0.001742  0.022241 -0.000000  0.000000 ) 
 (  0.017270  0.005753  0.053536  0.008071  0.000000  0.000000 ) 
 ( -0.174910 -0.004821 -0.515010  0.074879  0.000000 -0.000000 ) 
 ( -0.142858 -0.101037 -0.470045 -0.223381  0.000000  0.000000 ) 
 (  0.185556  0.061815  0.118832  0.017915  0.000000  0.000000 ) 
 (  0.038334  0.012770  0.575209  0.086716 -0.000000  0.000000 ) 
     freq (   14) =       8.590874 [THz] =     286.560724 [cm-1]
 (  0.000000  0.000000 -0.000000  0.000000  0.000000 -0.000000 ) 
 (  0.000000 -0.000000 -0.000000 -0.000000  0.000000  0.000000 ) 
 (  0.000000  0.000000 -0.000000 -0.000000 -0.000000 -0.000000 ) 
 ( -0.000000  0.000000  0.000000 -0.000000 -0.000000  0.000000 ) 
 ( -0.000000 -0.000000  0.000000  0.000000 -0.000000 -0.000000 ) 
 ( -0.000000 -0.000000 -0.000000 -0.000000  0.707107  0.000000 ) 
 (  0.000000 -0.000000 -0.000000  0.000000 -0.707107  0.000000 ) 
     freq (   15) =       9.545511 [THz] =     318.403965 [cm-1]
 (  0.001755  0.002419 -0.005741 -0.005187  0.000000 -0.000000 ) 
 (  0.002040 -0.002183 -0.003999  0.006624  0.000000 -0.000000 ) 
 (  0.076339  0.004733 -0.195916  0.028897  0.000000 -0.000000 ) 
 ( -0.137579  0.000695  0.348142 -0.075448 -0.000000 -0.000000 ) 
 ( -0.136440 -0.017684  0.355099 -0.028280 -0.000000  0.000000 ) 
 ( -0.290683 -0.018023 -0.090825  0.013397 -0.000000  0.000000 ) 
 (  0.035390  0.002194  0.746010 -0.110036  0.000000  0.000000 ) 
     freq (   16) =       9.545511 [THz] =     318.403965 [cm-1]
 ( -0.004560 -0.006251 -0.002222 -0.001998 -0.000000 -0.000000 ) 
 ( -0.005268  0.005667 -0.001538  0.002562 -0.000000  0.000000 ) 
 ( -0.197687 -0.011741 -0.075637  0.011358  0.000000 -0.000000 ) 
 (  0.356213 -0.002726  0.134383 -0.029489  0.000000 -0.000000 ) 
 (  0.353387  0.044869  0.137118 -0.011279  0.000000  0.000000 ) 
 (  0.752755  0.044706 -0.035065  0.005265 -0.000000  0.000000 ) 
 ( -0.091647 -0.005443  0.288013 -0.043247 -0.000000  0.000000 ) 
     freq (   17) =      10.807282 [THz] =     360.492122 [cm-1]
 ( -0.000000  0.000000 -0.000000 -0.000000  0.024199 -0.036079 ) 
 ( -0.000000 -0.000000 -0.000000  0.000000  0.024199  0.036079 ) 
 ( -0.000000 -0.000000 -0.000000 -0.000000 -0.193659 -0.000000 ) 
 (  0.000000 -0.000000  0.000000  0.000000 -0.009942  0.134940 ) 
 (  0.000000  0.000000  0.000000 -0.000000 -0.009942 -0.134940 ) 
 (  0.000000  0.000000 -0.000000 -0.000000  0.679009  0.000000 ) 
 ( -0.000000 -0.000000  0.000000  0.000000  0.679009  0.000000 ) 
     freq (   18) =      14.044966 [THz] =     468.489621 [cm-1]
 ( -0.000000 -0.000000 -0.000000 -0.000000  0.027728  0.026544 ) 
 ( -0.000000  0.000000 -0.000000  0.000000  0.027728 -0.026544 ) 
 ( -0.000000 -0.000000  0.000000  0.000000  0.083214  0.000000 ) 
 (  0.000000  0.000000 -0.000000 -0.000000 -0.602624 -0.336998 ) 
 (  0.000000 -0.000000 -0.000000  0.000000 -0.602624  0.336998 ) 
 ( -0.000000 -0.000000  0.000000 -0.000000  0.135426  0.000000 ) 
 (  0.000000  0.000000  0.000000 -0.000000  0.135426  0.000000 ) 
     freq (   19) =      16.437303 [THz] =     548.289399 [cm-1]
 (  0.000000 -0.000000  0.000000 -0.000000  0.009370 -0.004379 ) 
 (  0.000000  0.000000  0.000000  0.000000  0.009370  0.004379 ) 
 ( -0.000000 -0.000000 -0.000000 -0.000000 -0.070652 -0.000000 ) 
 ( -0.000000  0.000000  0.000000 -0.000000  0.330869 -0.619814 ) 
 ( -0.000000 -0.000000  0.000000  0.000000  0.330869  0.619814 ) 
 (  0.000000  0.000000 -0.000000 -0.000000  0.061269 -0.000000 ) 
 (  0.000000 -0.000000  0.000000 -0.000000  0.061269  0.000000 ) 
     freq (   20) =      20.285607 [THz] =     676.655016 [cm-1]
 (  0.000035 -0.000109  0.001017 -0.001204 -0.000000 -0.000000 ) 
 ( -0.000104  0.000048 -0.001574  0.000071  0.000000 -0.000000 ) 
 (  0.007686  0.006783  0.062024  0.126070  0.000000 -0.000000 ) 
 ( -0.000120 -0.000108 -0.000958 -0.001988 -0.000000 -0.000000 ) 
 ( -0.000122 -0.000106 -0.000990 -0.001972 -0.000000 -0.000000 ) 
 (  0.006325  0.005581 -0.432887 -0.879881 -0.000000 -0.000000 ) 
 ( -0.053646 -0.047338  0.051039  0.103742  0.000000  0.000000 ) 
     freq (   21) =      20.285607 [THz] =     676.655016 [cm-1]
 ( -0.000737 -0.001393  0.000011  0.000114  0.000000  0.000000 ) 
 ( -0.000523  0.001487  0.000077 -0.000086 -0.000000  0.000000 ) 
 (  0.140115 -0.010416 -0.009742 -0.003189  0.000000  0.000000 ) 
 ( -0.002202  0.000146  0.000153  0.000051  0.000000 -0.000000 ) 
 ( -0.002200  0.000181  0.000153  0.000049  0.000000  0.000000 ) 
 (  0.115300 -0.008571  0.067995  0.022259 -0.000000 -0.000000 ) 
 ( -0.977904  0.072698 -0.008017 -0.002624  0.000000  0.000000 ) 
 **************************************************************************
