Dynamical matrix file
Sr2RuO4                                                                    
  3    7   7   7.3000120   0.0000000   3.2938131   0.0000000   0.0000000   0.0000000
           1  'Sr     '    79860.7445811805     
           2  'Ru     '    92119.6696509919     
           3  'O      '    14582.1964454954     
    1    1      0.0000000000      0.0000000000      1.1602701746
    2    1      0.0000000000      0.0000000000     -1.1602701746
    3    2      0.0000000000      0.0000000000      0.0000000000
    4    3      0.0000000000      0.0000000000      0.5380857149
    5    3      0.0000000000      0.0000000000     -0.5380857149
    6    3      0.0000000000     -0.5000000000      0.0000000000
    7    3      0.5000000000      0.0000000000      0.0000000000

     Dynamical  Matrix in cartesian axes

     q = (    0.800000000   0.000000000   0.000000000 ) 

    1    1
  0.10354876   0.00000000    -0.00000000   0.00000000    -0.00000000   0.00917965
 -0.00000000   0.00000000     0.06540838   0.00000000     0.00000000   0.00000000
 -0.00000000  -0.00917965     0.00000000   0.00000000     0.19310143   0.00000000
    1    2
  0.00964651  -0.00000000    -0.00000000   0.00000000     0.00000000   0.03537497
 -0.00000000  -0.00000000     0.01269195   0.00000000    -0.00000000   0.00000000
  0.00000000   0.03537497     0.00000000   0.00000000     0.01819076   0.00000000
    1    3
  0.02071355   0.00000000    -0.00000000   0.00000000    -0.00000000  -0.06918281
 -0.00000000  -0.00000000     0.02298831   0.00000000     0.00000000  -0.00000000
 -0.00000000  -0.05583864     0.00000000  -0.00000000    -0.02938199  -0.00000000
    1    4
 -0.01375314   0.00000000    -0.00000000   0.00000000     0.00000000   0.02308085
 -0.00000000   0.00000000    -0.00651380   0.00000000    -0.00000000   0.00000000
  0.00000000   0.01456646    -0.00000000   0.00000000    -0.03181558   0.00000000
    1    5
  0.01009978   0.00000000     0.00000000   0.00000000     0.00000000   0.02356748
  0.00000000   0.00000000     0.00222104   0.00000000     0.00000000   0.00000000
  0.00000000  -0.00873142     0.00000000   0.00000000     0.04832859   0.00000000
    1    6
  0.01037197   0.00000000    -0.00000000   0.00000000     0.00000000   0.00832184
 -0.00000000   0.00000000     0.00131777   0.00000000     0.00000000   0.00000000
  0.00000000   0.00567676     0.00000000   0.00000000     0.02135560   0.00000000
    1    7
  0.00030324   0.00022032     0.00000000   0.00000000    -0.00615173   0.00846713
  0.00000000   0.00000000     0.01059104   0.00769484    -0.00000000   0.00000000
  0.00244847  -0.00337003    -0.00000000  -0.00000000     0.01750682   0.01271945
    2    1
  0.00964651   0.00000000    -0.00000000   0.00000000     0.00000000  -0.03537497
 -0.00000000   0.00000000     0.01269195  -0.00000000     0.00000000  -0.00000000
  0.00000000  -0.03537497     0.00000000   0.00000000     0.01819076   0.00000000
    2    2
  0.10354876   0.00000000     0.00000000   0.00000000    -0.00000000  -0.00917965
  0.00000000   0.00000000     0.06540838   0.00000000     0.00000000   0.00000000
 -0.00000000   0.00917965     0.00000000   0.00000000     0.19310143   0.00000000
    2    3
  0.02071355   0.00000000     0.00000000   0.00000000     0.00000000   0.06918281
 -0.00000000   0.00000000     0.02298831   0.00000000     0.00000000  -0.00000000
  0.00000000   0.05583864     0.00000000  -0.00000000    -0.02938199  -0.00000000
    2    4
  0.01009978   0.00000000     0.00000000   0.00000000     0.00000000  -0.02356748
  0.00000000   0.00000000     0.00222104   0.00000000     0.00000000   0.00000000
  0.00000000   0.00873142     0.00000000   0.00000000     0.04832859   0.00000000
    2    5
 -0.01375314   0.00000000     0.00000000   0.00000000     0.00000000  -0.02308085
  0.00000000   0.00000000    -0.00651380   0.00000000    -0.00000000   0.00000000
  0.00000000  -0.01456646    -0.00000000   0.00000000    -0.03181558   0.00000000
    2    6
  0.01037197   0.00000000    -0.00000000   0.00000000     0.00000000  -0.00832184
 -0.00000000  -0.00000000     0.00131777   0.00000000     0.00000000  -0.00000000
  0.00000000  -0.00567676     0.00000000   0.00000000     0.02135560   0.00000000
    2    7
  0.00030324   0.00022032    -0.00000000   0.00000000     0.00615173  -0.00846713
  0.00000000  -0.00000000     0.01059104   0.00769484     0.00000000  -0.00000000
 -0.00244847   0.00337003     0.00000000  -0.00000000     0.01750682   0.01271945
    3    1
  0.02071355   0.00000000     0.00000000   0.00000000    -0.00000000   0.05583864
  0.00000000  -0.00000000     0.02298831   0.00000000    -0.00000000   0.00000000
 -0.00000000   0.06918281     0.00000000   0.00000000    -0.02938199   0.00000000
    3    2
  0.02071355   0.00000000    -0.00000000   0.00000000     0.00000000  -0.05583864
  0.00000000   0.00000000     0.02298831   0.00000000     0.00000000   0.00000000
  0.00000000  -0.06918281     0.00000000   0.00000000    -0.02938199   0.00000000
    3    3
  0.72879875   0.00000000     0.00000000   0.00000000     0.00000000   0.00000000
  0.00000000   0.00000000     0.66259220   0.00000000     0.00000000   0.00000000
  0.00000000   0.00000000     0.00000000   0.00000000     0.50957485   0.00000000
    3    4
 -0.06849662   0.00000000     0.00000000   0.00000000     0.00000000  -0.00639998
  0.00000000   0.00000000    -0.06005797  -0.00000000    -0.00000000  -0.00000000
  0.00000000  -0.02690051    -0.00000000  -0.00000000    -0.15499985   0.00000000
    3    5
 -0.06849662   0.00000000     0.00000000   0.00000000     0.00000000   0.00639998
 -0.00000000  -0.00000000    -0.06005797   0.00000000    -0.00000000   0.00000000
  0.00000000   0.02690051     0.00000000   0.00000000    -0.15499985   0.00000000
    3    6
 -0.04711316   0.00000000    -0.00000000   0.00000000    -0.00000000   0.00000000
 -0.00000000   0.00000000    -0.41672044   0.00000000     0.00000000   0.00000000
 -0.00000000   0.00000000     0.00000000   0.00000000    -0.08823455   0.00000000
    3    7
 -0.34516947  -0.25078030    -0.00000000  -0.00000000     0.00000000   0.00000000
  0.00000000  -0.00000000    -0.02541351  -0.01846399     0.00000000   0.00000000
  0.00000000   0.00000000     0.00000000   0.00000000    -0.07254816  -0.05270932
    4    1
 -0.01375314   0.00000000    -0.00000000  -0.00000000     0.00000000  -0.01456646
  0.00000000  -0.00000000    -0.00651380   0.00000000    -0.00000000   0.00000000
  0.00000000  -0.02308085    -0.00000000   0.00000000    -0.03181558   0.00000000
    4    2
  0.01009978   0.00000000     0.00000000   0.00000000     0.00000000  -0.00873142
  0.00000000  -0.00000000     0.00222104   0.00000000    -0.00000000   0.00000000
  0.00000000   0.02356748     0.00000000   0.00000000     0.04832859   0.00000000
    4    3
 -0.06849662   0.00000000     0.00000000   0.00000000     0.00000000   0.02690051
  0.00000000   0.00000000    -0.06005797   0.00000000     0.00000000   0.00000000
  0.00000000   0.00639998     0.00000000   0.00000000    -0.15499985   0.00000000
    4    4
  0.08932644   0.00000000     0.00000000   0.00000000    -0.00000000  -0.01154661
  0.00000000   0.00000000     0.07082449   0.00000000     0.00000000   0.00000000
  0.00000000   0.01154661     0.00000000   0.00000000     0.30440931   0.00000000
    4    5
  0.01455900  -0.00000000     0.00000000   0.00000000     0.00000000  -0.02665775
  0.00000000   0.00000000     0.01696637   0.00000000     0.00000000   0.00000000
  0.00000000  -0.02665775    -0.00000000  -0.00000000     0.00706852   0.00000000
    4    6
  0.00812827   0.00000000     0.00000000   0.00000000     0.00000000  -0.00951550
  0.00000000   0.00000000    -0.00688965   0.00000000    -0.00000000  -0.00000000
  0.00000000  -0.00534544    -0.00000000   0.00000000     0.00046675   0.00000000
    4    7
 -0.00396240  -0.00287885     0.00000000   0.00000000     0.01949889  -0.02683792
  0.00000000   0.00000000     0.00251198   0.00182506    -0.00000000   0.00000000
  0.00008202  -0.00011289    -0.00000000   0.00000000     0.00371654   0.00270022
    5    1
  0.01009978  -0.00000000    -0.00000000   0.00000000    -0.00000000   0.00873142
 -0.00000000   0.00000000     0.00222104   0.00000000     0.00000000   0.00000000
 -0.00000000  -0.02356748     0.00000000  -0.00000000     0.04832859   0.00000000
    5    2
 -0.01375314  -0.00000000     0.00000000   0.00000000     0.00000000   0.01456646
  0.00000000   0.00000000    -0.00651380  -0.00000000    -0.00000000  -0.00000000
  0.00000000   0.02308085    -0.00000000  -0.00000000    -0.03181558  -0.00000000
    5    3
 -0.06849662   0.00000000     0.00000000   0.00000000     0.00000000  -0.02690051
  0.00000000   0.00000000    -0.06005797   0.00000000     0.00000000   0.00000000
  0.00000000  -0.00639998    -0.00000000   0.00000000    -0.15499985   0.00000000
    5    4
  0.01455900   0.00000000     0.00000000   0.00000000     0.00000000   0.02665775
  0.00000000   0.00000000     0.01696637   0.00000000    -0.00000000  -0.00000000
  0.00000000   0.02665775    -0.00000000  -0.00000000     0.00706852   0.00000000
    5    5
  0.08932644   0.00000000     0.00000000   0.00000000    -0.00000000   0.01154661
  0.00000000   0.00000000     0.07082449   0.00000000     0.00000000   0.00000000
  0.00000000  -0.01154661     0.00000000   0.00000000     0.30440931   0.00000000
    5    6
  0.00812827   0.00000000     0.00000000   0.00000000     0.00000000   0.00951550
  0.00000000  -0.00000000    -0.00688965   0.00000000    -0.00000000   0.00000000
  0.00000000   0.00534544     0.00000000   0.00000000     0.00046675   0.00000000
    5    7
 -0.00396240  -0.00287885    -0.00000000   0.00000000    -0.01949889   0.02683792
  0.00000000   0.00000000     0.00251198   0.00182506    -0.00000000   0.00000000
 -0.00008202   0.00011289     0.00000000  -0.00000000     0.00371654   0.00270022
    6    1
  0.01037197   0.00000000     0.00000000   0.00000000     0.00000000  -0.00567676
  0.00000000   0.00000000     0.00131777   0.00000000    -0.00000000   0.00000000
  0.00000000  -0.00832184    -0.00000000   0.00000000     0.02135560   0.00000000
    6    2
  0.01037197   0.00000000     0.00000000   0.00000000     0.00000000   0.00567676
  0.00000000  -0.00000000     0.00131777   0.00000000    -0.00000000  -0.00000000
  0.00000000   0.00832184    -0.00000000   0.00000000     0.02135560   0.00000000
    6    3
 -0.04711316  -0.00000000    -0.00000000   0.00000000     0.00000000   0.00000000
 -0.00000000   0.00000000    -0.41672044  -0.00000000    -0.00000000   0.00000000
  0.00000000   0.00000000    -0.00000000   0.00000000    -0.08823455   0.00000000
    6    4
  0.00812827   0.00000000     0.00000000   0.00000000    -0.00000000   0.00534544
 -0.00000000  -0.00000000    -0.00688965   0.00000000     0.00000000   0.00000000
 -0.00000000   0.00951550     0.00000000   0.00000000     0.00046675   0.00000000
    6    5
  0.00812827   0.00000000     0.00000000   0.00000000     0.00000000  -0.00534544
  0.00000000   0.00000000    -0.00688965   0.00000000    -0.00000000   0.00000000
  0.00000000  -0.00951550    -0.00000000   0.00000000     0.00046675   0.00000000
    6    6
  0.10892421   0.00000000    -0.00000000   0.00000000     0.00000000   0.00000000
  0.00000000   0.00000000     0.48693326   0.00000000    -0.00000000   0.00000000
  0.00000000   0.00000000    -0.00000000   0.00000000     0.11640331   0.00000000
    6    7
 -0.03174993  -0.02306767     0.00000000  -0.00000000     0.00000000  -0.00000000
  0.00000000  -0.00000000    -0.03827934  -0.02781157     0.00000000   0.00000000
  0.00000000  -0.00000000     0.00000000   0.00000000     0.01364805   0.00991589
    7    1
  0.00030324  -0.00022032     0.00000000   0.00000000     0.00244847   0.00337003
  0.00000000   0.00000000     0.01059104  -0.00769484     0.00000000  -0.00000000
 -0.00615173  -0.00846713     0.00000000   0.00000000     0.01750682  -0.01271945
    7    2
  0.00030324  -0.00022032     0.00000000   0.00000000    -0.00244847  -0.00337003
  0.00000000   0.00000000     0.01059104  -0.00769484     0.00000000   0.00000000
  0.00615173   0.00846713     0.00000000   0.00000000     0.01750682  -0.01271945
    7    3
 -0.34516947   0.25078030     0.00000000   0.00000000     0.00000000   0.00000000
  0.00000000   0.00000000    -0.02541351   0.01846399    -0.00000000   0.00000000
  0.00000000   0.00000000    -0.00000000   0.00000000    -0.07254816   0.05270932
    7    4
 -0.00396240   0.00287885     0.00000000   0.00000000     0.00008202   0.00011289
 -0.00000000   0.00000000     0.00251198  -0.00182506    -0.00000000  -0.00000000
  0.01949889   0.02683792     0.00000000  -0.00000000     0.00371654  -0.00270022
    7    5
 -0.00396240   0.00287885    -0.00000000   0.00000000    -0.00008202  -0.00011289
 -0.00000000  -0.00000000     0.00251198  -0.00182506     0.00000000   0.00000000
 -0.01949889  -0.02683792     0.00000000  -0.00000000     0.00371654  -0.00270022
    7    6
 -0.03174993   0.02306767     0.00000000   0.00000000     0.00000000   0.00000000
  0.00000000   0.00000000    -0.03827934   0.02781157     0.00000000  -0.00000000
  0.00000000   0.00000000     0.00000000  -0.00000000     0.01364805  -0.00991589
    7    7
  0.59064464   0.00000000     0.00000000   0.00000000     0.00000000   0.00000000
  0.00000000   0.00000000     0.09682840   0.00000000     0.00000000   0.00000000
  0.00000000   0.00000000     0.00000000   0.00000000     0.11386832   0.00000000

     Dynamical  Matrix in cartesian axes

     q = (    0.000000000   0.800000000   0.000000000 ) 

    1    1
  0.06540838   0.00000000     0.00000000   0.00000000    -0.00000000   0.00000000
  0.00000000   0.00000000     0.10354876   0.00000000     0.00000000   0.00917965
 -0.00000000   0.00000000     0.00000000  -0.00917965     0.19310143   0.00000000
    1    2
  0.01269195  -0.00000000     0.00000000   0.00000000     0.00000000   0.00000000
  0.00000000   0.00000000     0.00964651   0.00000000    -0.00000000   0.03537497
  0.00000000   0.00000000     0.00000000   0.03537497     0.01819076   0.00000000
    1    3
  0.02298831   0.00000000    -0.00000000   0.00000000    -0.00000000   0.00000000
 -0.00000000   0.00000000     0.02071355   0.00000000     0.00000000  -0.06918281
 -0.00000000   0.00000000     0.00000000  -0.05583864    -0.02938199  -0.00000000
    1    4
 -0.00651380   0.00000000     0.00000000   0.00000000     0.00000000   0.00000000
  0.00000000   0.00000000    -0.01375314   0.00000000    -0.00000000   0.02308085
  0.00000000   0.00000000    -0.00000000   0.01456646    -0.03181558   0.00000000
    1    5
  0.00222104   0.00000000     0.00000000   0.00000000     0.00000000   0.00000000
  0.00000000   0.00000000     0.01009978   0.00000000     0.00000000   0.02356748
  0.00000000   0.00000000     0.00000000  -0.00873142     0.04832859   0.00000000
    1    6
  0.01059104  -0.00769484     0.00000000  -0.00000000     0.00000000  -0.00000000
 -0.00000000   0.00000000     0.00030324  -0.00022032     0.00615173   0.00846713
  0.00000000   0.00000000    -0.00244847  -0.00337003     0.01750682  -0.01271945
    1    7
  0.00131777   0.00000000    -0.00000000  -0.00000000     0.00000000   0.00000000
 -0.00000000   0.00000000     0.01037197   0.00000000     0.00000000   0.00832184
  0.00000000   0.00000000     0.00000000   0.00567676     0.02135560   0.00000000
    2    1
  0.01269195   0.00000000    -0.00000000  -0.00000000     0.00000000   0.00000000
 -0.00000000   0.00000000     0.00964651  -0.00000000     0.00000000  -0.03537497
  0.00000000  -0.00000000     0.00000000  -0.03537497     0.01819076   0.00000000
    2    2
  0.06540838   0.00000000    -0.00000000   0.00000000    -0.00000000   0.00000000
 -0.00000000   0.00000000     0.10354876   0.00000000     0.00000000  -0.00917965
 -0.00000000   0.00000000     0.00000000   0.00917965     0.19310143   0.00000000
    2    3
  0.02298831   0.00000000    -0.00000000   0.00000000     0.00000000   0.00000000
  0.00000000   0.00000000     0.02071355  -0.00000000     0.00000000   0.06918281
  0.00000000   0.00000000     0.00000000   0.05583864    -0.02938199  -0.00000000
    2    4
  0.00222104   0.00000000     0.00000000   0.00000000     0.00000000   0.00000000
  0.00000000   0.00000000     0.01009978   0.00000000     0.00000000  -0.02356748
  0.00000000   0.00000000     0.00000000   0.00873142     0.04832859   0.00000000
    2    5
 -0.00651380   0.00000000    -0.00000000   0.00000000     0.00000000   0.00000000
 -0.00000000   0.00000000    -0.01375314   0.00000000    -0.00000000  -0.02308085
  0.00000000   0.00000000    -0.00000000  -0.01456646    -0.03181558   0.00000000
    2    6
  0.01059104  -0.00769484     0.00000000  -0.00000000     0.00000000  -0.00000000
  0.00000000  -0.00000000     0.00030324  -0.00022032    -0.00615173  -0.00846713
  0.00000000  -0.00000000     0.00244847   0.00337003     0.01750682  -0.01271945
    2    7
  0.00131777   0.00000000    -0.00000000   0.00000000     0.00000000   0.00000000
 -0.00000000   0.00000000     0.01037197   0.00000000     0.00000000  -0.00832184
  0.00000000   0.00000000     0.00000000  -0.00567676     0.02135560   0.00000000
    3    1
  0.02298831   0.00000000    -0.00000000   0.00000000    -0.00000000   0.00000000
 -0.00000000   0.00000000     0.02071355   0.00000000    -0.00000000   0.05583864
 -0.00000000   0.00000000     0.00000000   0.06918281    -0.02938199   0.00000000
    3    2
  0.02298831   0.00000000     0.00000000  -0.00000000     0.00000000   0.00000000
 -0.00000000  -0.00000000     0.02071355   0.00000000     0.00000000  -0.05583864
  0.00000000   0.00000000     0.00000000  -0.06918281    -0.02938199   0.00000000
    3    3
  0.66259220   0.00000000     0.00000000   0.00000000     0.00000000   0.00000000
  0.00000000   0.00000000     0.72879875   0.00000000     0.00000000   0.00000000
  0.00000000   0.00000000     0.00000000   0.00000000     0.50957485   0.00000000
    3    4
 -0.06005797   0.00000000    -0.00000000  -0.00000000     0.00000000  -0.00000000
  0.00000000  -0.00000000    -0.06849662   0.00000000    -0.00000000  -0.00639998
  0.00000000  -0.00000000    -0.00000000  -0.02690051    -0.15499985   0.00000000
    3    5
 -0.06005797  -0.00000000    -0.00000000   0.00000000     0.00000000   0.00000000
  0.00000000   0.00000000    -0.06849662   0.00000000    -0.00000000   0.00639998
  0.00000000   0.00000000     0.00000000   0.02690051    -0.15499985   0.00000000
    3    6
 -0.02541351   0.01846399    -0.00000000  -0.00000000     0.00000000   0.00000000
 -0.00000000   0.00000000    -0.34516947   0.25078030     0.00000000  -0.00000000
  0.00000000   0.00000000     0.00000000   0.00000000    -0.07254816   0.05270932
    3    7
 -0.41672044   0.00000000    -0.00000000   0.00000000    -0.00000000   0.00000000
  0.00000000   0.00000000    -0.04711316   0.00000000     0.00000000   0.00000000
 -0.00000000   0.00000000     0.00000000   0.00000000    -0.08823455   0.00000000
    4    1
 -0.00651380  -0.00000000     0.00000000   0.00000000     0.00000000   0.00000000
  0.00000000   0.00000000    -0.01375314   0.00000000    -0.00000000  -0.01456646
  0.00000000   0.00000000     0.00000000  -0.02308085    -0.03181558   0.00000000
    4    2
  0.00222104   0.00000000     0.00000000   0.00000000     0.00000000   0.00000000
  0.00000000   0.00000000     0.01009978  -0.00000000    -0.00000000  -0.00873142
  0.00000000   0.00000000     0.00000000   0.02356748     0.04832859   0.00000000
    4    3
 -0.06005797   0.00000000    -0.00000000   0.00000000     0.00000000   0.00000000
 -0.00000000   0.00000000    -0.06849662   0.00000000     0.00000000   0.02690051
  0.00000000   0.00000000     0.00000000   0.00639998    -0.15499985   0.00000000
    4    4
  0.07082449   0.00000000     0.00000000   0.00000000    -0.00000000   0.00000000
  0.00000000   0.00000000     0.08932644   0.00000000     0.00000000  -0.01154661
  0.00000000   0.00000000     0.00000000   0.01154661     0.30440931   0.00000000
    4    5
  0.01696637   0.00000000    -0.00000000  -0.00000000     0.00000000   0.00000000
  0.00000000  -0.00000000     0.01455900   0.00000000    -0.00000000  -0.02665775
  0.00000000   0.00000000    -0.00000000  -0.02665775     0.00706852   0.00000000
    4    6
  0.00251198  -0.00182506    -0.00000000   0.00000000     0.00000000   0.00000000
  0.00000000   0.00000000    -0.00396240   0.00287885    -0.01949889  -0.02683792
  0.00000000   0.00000000    -0.00008202  -0.00011289     0.00371654  -0.00270022
    4    7
 -0.00688965   0.00000000    -0.00000000  -0.00000000    -0.00000000   0.00000000
  0.00000000   0.00000000     0.00812827   0.00000000     0.00000000  -0.00951550
 -0.00000000   0.00000000     0.00000000  -0.00534544     0.00046675   0.00000000
    5    1
  0.00222104   0.00000000    -0.00000000   0.00000000    -0.00000000  -0.00000000
 -0.00000000  -0.00000000     0.01009978   0.00000000     0.00000000   0.00873142
 -0.00000000  -0.00000000     0.00000000  -0.02356748     0.04832859   0.00000000
    5    2
 -0.00651380   0.00000000    -0.00000000  -0.00000000     0.00000000   0.00000000
 -0.00000000   0.00000000    -0.01375314  -0.00000000    -0.00000000   0.01456646
  0.00000000   0.00000000    -0.00000000   0.02308085    -0.03181558  -0.00000000
    5    3
 -0.06005797   0.00000000     0.00000000   0.00000000     0.00000000   0.00000000
  0.00000000   0.00000000    -0.06849662   0.00000000     0.00000000  -0.02690051
  0.00000000   0.00000000     0.00000000  -0.00639998    -0.15499985   0.00000000
    5    4
  0.01696637   0.00000000    -0.00000000  -0.00000000     0.00000000   0.00000000
 -0.00000000   0.00000000     0.01455900   0.00000000     0.00000000   0.02665775
  0.00000000   0.00000000     0.00000000   0.02665775     0.00706852   0.00000000
    5    5
  0.07082449   0.00000000     0.00000000   0.00000000    -0.00000000   0.00000000
  0.00000000   0.00000000     0.08932644   0.00000000     0.00000000   0.01154661
  0.00000000   0.00000000     0.00000000  -0.01154661     0.30440931   0.00000000
    5    6
  0.00251198  -0.00182506     0.00000000   0.00000000    -0.00000000   0.00000000
 -0.00000000  -0.00000000    -0.00396240   0.00287885     0.01949889   0.02683792
 -0.00000000  -0.00000000     0.00008202   0.00011289     0.00371654  -0.00270022
    5    7
 -0.00688965   0.00000000     0.00000000  -0.00000000    -0.00000000  -0.00000000
 -0.00000000   0.00000000     0.00812827   0.00000000     0.00000000   0.00951550
 -0.00000000   0.00000000     0.00000000   0.00534544     0.00046675   0.00000000
    6    1
  0.01059104   0.00769484     0.00000000   0.00000000    -0.00000000   0.00000000
  0.00000000  -0.00000000     0.00030324   0.00022032    -0.00244847   0.00337003
  0.00000000   0.00000000     0.00615173  -0.00846713     0.01750682   0.01271945
    6    2
  0.01059104   0.00769484     0.00000000   0.00000000    -0.00000000   0.00000000
  0.00000000   0.00000000     0.00030324   0.00022032     0.00244847  -0.00337003
 -0.00000000   0.00000000    -0.00615173   0.00846713     0.01750682   0.01271945
    6    3
 -0.02541351  -0.01846399    -0.00000000   0.00000000     0.00000000   0.00000000
 -0.00000000   0.00000000    -0.34516947  -0.25078030    -0.00000000  -0.00000000
  0.00000000  -0.00000000     0.00000000   0.00000000    -0.07254816  -0.05270932
    6    4
  0.00251198   0.00182506     0.00000000   0.00000000     0.00000000   0.00000000
  0.00000000  -0.00000000    -0.00396240  -0.00287885    -0.00008202   0.00011289
  0.00000000   0.00000000    -0.01949889   0.02683792     0.00371654   0.00270022
    6    5
  0.00251198   0.00182506     0.00000000   0.00000000     0.00000000   0.00000000
 -0.00000000   0.00000000    -0.00396240  -0.00287885     0.00008202  -0.00011289
  0.00000000   0.00000000     0.01949889  -0.02683792     0.00371654   0.00270022
    6    6
  0.09682840   0.00000000     0.00000000   0.00000000     0.00000000   0.00000000
  0.00000000   0.00000000     0.59064464   0.00000000     0.00000000   0.00000000
  0.00000000   0.00000000     0.00000000   0.00000000     0.11386832   0.00000000
    6    7
 -0.03827934  -0.02781157    -0.00000000   0.00000000    -0.00000000   0.00000000
  0.00000000   0.00000000    -0.03174993  -0.02306767     0.00000000  -0.00000000
  0.00000000   0.00000000     0.00000000  -0.00000000     0.01364805   0.00991589
    7    1
  0.00131777   0.00000000     0.00000000  -0.00000000     0.00000000   0.00000000
  0.00000000   0.00000000     0.01037197   0.00000000    -0.00000000  -0.00567676
  0.00000000   0.00000000    -0.00000000  -0.00832184     0.02135560   0.00000000
    7    2
  0.00131777   0.00000000     0.00000000   0.00000000     0.00000000   0.00000000
  0.00000000   0.00000000     0.01037197   0.00000000    -0.00000000   0.00567676
  0.00000000   0.00000000    -0.00000000   0.00832184     0.02135560   0.00000000
    7    3
 -0.41672044  -0.00000000    -0.00000000   0.00000000     0.00000000   0.00000000
 -0.00000000   0.00000000    -0.04711316  -0.00000000    -0.00000000   0.00000000
  0.00000000   0.00000000    -0.00000000   0.00000000    -0.08823455   0.00000000
    7    4
 -0.00688965   0.00000000     0.00000000   0.00000000    -0.00000000   0.00000000
 -0.00000000   0.00000000     0.00812827   0.00000000     0.00000000   0.00534544
 -0.00000000   0.00000000     0.00000000   0.00951550     0.00046675   0.00000000
    7    5
 -0.00688965   0.00000000    -0.00000000  -0.00000000    -0.00000000   0.00000000
  0.00000000   0.00000000     0.00812827   0.00000000     0.00000000  -0.00534544
 -0.00000000   0.00000000     0.00000000  -0.00951550     0.00046675   0.00000000
    7    6
 -0.03827934   0.02781157    -0.00000000  -0.00000000    -0.00000000  -0.00000000
  0.00000000  -0.00000000    -0.03174993   0.02306767     0.00000000   0.00000000
  0.00000000  -0.00000000     0.00000000   0.00000000     0.01364805  -0.00991589
    7    7
  0.48693326   0.00000000     0.00000000   0.00000000     0.00000000   0.00000000
 -0.00000000   0.00000000     0.10892421   0.00000000    -0.00000000   0.00000000
  0.00000000   0.00000000    -0.00000000   0.00000000     0.11640331   0.00000000

     Dynamical  Matrix in cartesian axes

     q = (   -0.800000000   0.000000000   0.000000000 ) 

    1    1
  0.10354876   0.00000000     0.00000000   0.00000000    -0.00000000  -0.00917965
  0.00000000   0.00000000     0.06540838   0.00000000     0.00000000   0.00000000
 -0.00000000   0.00917965     0.00000000   0.00000000     0.19310143   0.00000000
    1    2
  0.00964651   0.00000000     0.00000000   0.00000000     0.00000000  -0.03537497
  0.00000000   0.00000000     0.01269195  -0.00000000    -0.00000000  -0.00000000
  0.00000000  -0.03537497     0.00000000  -0.00000000     0.01819076   0.00000000
    1    3
  0.02071355   0.00000000    -0.00000000   0.00000000    -0.00000000   0.06918281
 -0.00000000   0.00000000     0.02298831   0.00000000     0.00000000  -0.00000000
 -0.00000000   0.05583864     0.00000000  -0.00000000    -0.02938199  -0.00000000
    1    4
 -0.01375314   0.00000000     0.00000000   0.00000000     0.00000000  -0.02308085
  0.00000000   0.00000000    -0.00651380   0.00000000    -0.00000000   0.00000000
  0.00000000  -0.01456646    -0.00000000   0.00000000    -0.03181558   0.00000000
    1    5
  0.01009978   0.00000000     0.00000000   0.00000000     0.00000000  -0.02356748
  0.00000000   0.00000000     0.00222104   0.00000000     0.00000000   0.00000000
  0.00000000   0.00873142     0.00000000   0.00000000     0.04832859  -0.00000000
    1    6
  0.01037197   0.00000000    -0.00000000   0.00000000     0.00000000  -0.00832184
 -0.00000000  -0.00000000     0.00131777   0.00000000     0.00000000  -0.00000000
  0.00000000  -0.00567676     0.00000000   0.00000000     0.02135560   0.00000000
    1    7
  0.00030324  -0.00022032    -0.00000000   0.00000000    -0.00615173  -0.00846713
  0.00000000  -0.00000000     0.01059104  -0.00769484    -0.00000000   0.00000000
  0.00244847   0.00337003     0.00000000   0.00000000     0.01750682  -0.01271945
    2    1
  0.00964651  -0.00000000    -0.00000000   0.00000000     0.00000000   0.03537497
 -0.00000000  -0.00000000     0.01269195   0.00000000     0.00000000   0.00000000
  0.00000000   0.03537497     0.00000000   0.00000000     0.01819076   0.00000000
    2    2
  0.10354876   0.00000000    -0.00000000   0.00000000    -0.00000000   0.00917965
 -0.00000000   0.00000000     0.06540838   0.00000000     0.00000000   0.00000000
 -0.00000000  -0.00917965     0.00000000   0.00000000     0.19310143   0.00000000
    2    3
  0.02071355  -0.00000000     0.00000000   0.00000000    -0.00000000  -0.06918281
 -0.00000000   0.00000000     0.02298831   0.00000000    -0.00000000   0.00000000
 -0.00000000  -0.05583864    -0.00000000  -0.00000000    -0.02938199  -0.00000000
    2    4
  0.01009978   0.00000000     0.00000000   0.00000000     0.00000000   0.02356748
  0.00000000   0.00000000     0.00222104   0.00000000     0.00000000   0.00000000
  0.00000000  -0.00873142     0.00000000   0.00000000     0.04832859   0.00000000
    2    5
 -0.01375314   0.00000000    -0.00000000   0.00000000     0.00000000   0.02308085
 -0.00000000   0.00000000    -0.00651380   0.00000000     0.00000000   0.00000000
  0.00000000   0.01456646     0.00000000   0.00000000    -0.03181558   0.00000000
    2    6
  0.01037197   0.00000000    -0.00000000   0.00000000     0.00000000   0.00832184
 -0.00000000   0.00000000     0.00131777   0.00000000     0.00000000   0.00000000
  0.00000000   0.00567676     0.00000000   0.00000000     0.02135560   0.00000000
    2    7
  0.00030324  -0.00022032     0.00000000  -0.00000000     0.00615173   0.00846713
  0.00000000  -0.00000000     0.01059104  -0.00769484    -0.00000000   0.00000000
 -0.00244847  -0.00337003    -0.00000000   0.00000000     0.01750682  -0.01271945
    3    1
  0.02071355   0.00000000    -0.00000000   0.00000000     0.00000000  -0.05583864
 -0.00000000   0.00000000     0.02298831   0.00000000     0.00000000   0.00000000
  0.00000000  -0.06918281     0.00000000   0.00000000    -0.02938199   0.00000000
    3    2
  0.02071355   0.00000000    -0.00000000  -0.00000000    -0.00000000   0.05583864
  0.00000000  -0.00000000     0.02298831   0.00000000    -0.00000000   0.00000000
 -0.00000000   0.06918281     0.00000000   0.00000000    -0.02938199   0.00000000
    3    3
  0.72879875   0.00000000     0.00000000   0.00000000    -0.00000000   0.00000000
  0.00000000   0.00000000     0.66259220   0.00000000    -0.00000000   0.00000000
 -0.00000000   0.00000000    -0.00000000   0.00000000     0.50957485   0.00000000
    3    4
 -0.06849662   0.00000000     0.00000000  -0.00000000     0.00000000   0.00639998
 -0.00000000  -0.00000000    -0.06005797   0.00000000    -0.00000000   0.00000000
  0.00000000   0.02690051     0.00000000   0.00000000    -0.15499985   0.00000000
    3    5
 -0.06849662   0.00000000     0.00000000   0.00000000     0.00000000  -0.00639998
 -0.00000000   0.00000000    -0.06005797  -0.00000000    -0.00000000   0.00000000
  0.00000000  -0.02690051     0.00000000  -0.00000000    -0.15499985   0.00000000
    3    6
 -0.04711316   0.00000000     0.00000000   0.00000000    -0.00000000   0.00000000
 -0.00000000   0.00000000    -0.41672044   0.00000000     0.00000000   0.00000000
 -0.00000000   0.00000000     0.00000000   0.00000000    -0.08823455   0.00000000
    3    7
 -0.34516947   0.25078030    -0.00000000   0.00000000     0.00000000   0.00000000
 -0.00000000  -0.00000000    -0.02541351   0.01846399     0.00000000   0.00000000
  0.00000000   0.00000000     0.00000000   0.00000000    -0.07254816   0.05270932
    4    1
 -0.01375314   0.00000000     0.00000000   0.00000000     0.00000000   0.01456646
  0.00000000   0.00000000    -0.00651380  -0.00000000    -0.00000000   0.00000000
 -0.00000000   0.02308085     0.00000000   0.00000000    -0.03181558   0.00000000
    4    2
  0.01009978  -0.00000000     0.00000000   0.00000000     0.00000000   0.00873142
  0.00000000   0.00000000     0.00222104   0.00000000    -0.00000000   0.00000000
  0.00000000  -0.02356748     0.00000000   0.00000000     0.04832859   0.00000000
    4    3
 -0.06849662   0.00000000    -0.00000000   0.00000000     0.00000000  -0.02690051
 -0.00000000   0.00000000    -0.06005797   0.00000000     0.00000000   0.00000000
  0.00000000  -0.00639998     0.00000000   0.00000000    -0.15499985   0.00000000
    4    4
  0.08932644   0.00000000     0.00000000   0.00000000    -0.00000000   0.01154661
  0.00000000   0.00000000     0.07082449   0.00000000     0.00000000   0.00000000
  0.00000000  -0.01154661     0.00000000   0.00000000     0.30440931   0.00000000
    4    5
  0.01455900   0.00000000     0.00000000  -0.00000000     0.00000000   0.02665775
 -0.00000000  -0.00000000     0.01696637   0.00000000    -0.00000000  -0.00000000
  0.00000000   0.02665775    -0.00000000  -0.00000000     0.00706852   0.00000000
    4    6
  0.00812827   0.00000000     0.00000000   0.00000000     0.00000000   0.00951550
 -0.00000000  -0.00000000    -0.00688965   0.00000000     0.00000000   0.00000000
 -0.00000000   0.00534544    -0.00000000   0.00000000     0.00046675   0.00000000
    4    7
 -0.00396240   0.00287885     0.00000000   0.00000000     0.01949889   0.02683792
 -0.00000000   0.00000000     0.00251198  -0.00182506     0.00000000   0.00000000
  0.00008202   0.00011289     0.00000000   0.00000000     0.00371654  -0.00270022
    5    1
  0.01009978   0.00000000    -0.00000000  -0.00000000    -0.00000000  -0.00873142
 -0.00000000   0.00000000     0.00222104   0.00000000     0.00000000   0.00000000
 -0.00000000   0.02356748     0.00000000   0.00000000     0.04832859   0.00000000
    5    2
 -0.01375314  -0.00000000    -0.00000000   0.00000000     0.00000000  -0.01456646
 -0.00000000  -0.00000000    -0.00651380   0.00000000    -0.00000000   0.00000000
  0.00000000  -0.02308085    -0.00000000   0.00000000    -0.03181558  -0.00000000
    5    3
 -0.06849662   0.00000000     0.00000000   0.00000000     0.00000000   0.02690051
  0.00000000   0.00000000    -0.06005797   0.00000000     0.00000000   0.00000000
  0.00000000   0.00639998     0.00000000   0.00000000    -0.15499985   0.00000000
    5    4
  0.01455900   0.00000000    -0.00000000   0.00000000     0.00000000  -0.02665775
 -0.00000000  -0.00000000     0.01696637   0.00000000    -0.00000000  -0.00000000
  0.00000000  -0.02665775    -0.00000000  -0.00000000     0.00706852   0.00000000
    5    5
  0.08932644   0.00000000     0.00000000   0.00000000    -0.00000000  -0.01154661
  0.00000000   0.00000000     0.07082449   0.00000000     0.00000000   0.00000000
  0.00000000   0.01154661     0.00000000   0.00000000     0.30440931   0.00000000
    5    6
  0.00812827   0.00000000    -0.00000000   0.00000000    -0.00000000  -0.00951550
  0.00000000  -0.00000000    -0.00688965   0.00000000     0.00000000   0.00000000
 -0.00000000  -0.00534544     0.00000000  -0.00000000     0.00046675   0.00000000
    5    7
 -0.00396240   0.00287885    -0.00000000  -0.00000000    -0.01949889  -0.02683792
  0.00000000   0.00000000     0.00251198  -0.00182506     0.00000000   0.00000000
 -0.00008202  -0.00011289     0.00000000   0.00000000     0.00371654  -0.00270022
    6    1
  0.01037197   0.00000000     0.00000000   0.00000000     0.00000000   0.00567676
  0.00000000  -0.00000000     0.00131777   0.00000000    -0.00000000  -0.00000000
  0.00000000   0.00832184    -0.00000000  -0.00000000     0.02135560   0.00000000
    6    2
  0.01037197   0.00000000     0.00000000   0.00000000     0.00000000  -0.00567676
  0.00000000   0.00000000     0.00131777   0.00000000    -0.00000000   0.00000000
  0.00000000  -0.00832184    -0.00000000   0.00000000     0.02135560   0.00000000
    6    3
 -0.04711316  -0.00000000    -0.00000000   0.00000000     0.00000000   0.00000000
 -0.00000000   0.00000000    -0.41672044  -0.00000000    -0.00000000   0.00000000
  0.00000000   0.00000000    -0.00000000   0.00000000    -0.08823455   0.00000000
    6    4
  0.00812827   0.00000000    -0.00000000   0.00000000    -0.00000000  -0.00534544
  0.00000000   0.00000000    -0.00688965   0.00000000     0.00000000   0.00000000
 -0.00000000  -0.00951550     0.00000000   0.00000000     0.00046675   0.00000000
    6    5
  0.00812827   0.00000000     0.00000000   0.00000000    -0.00000000   0.00534544
 -0.00000000  -0.00000000    -0.00688965   0.00000000     0.00000000   0.00000000
 -0.00000000   0.00951550     0.00000000   0.00000000     0.00046675   0.00000000
    6    6
  0.10892421   0.00000000    -0.00000000   0.00000000     0.00000000   0.00000000
  0.00000000   0.00000000     0.48693326   0.00000000    -0.00000000   0.00000000
  0.00000000   0.00000000    -0.00000000   0.00000000     0.11640331   0.00000000
    6    7
 -0.03174993   0.02306767     0.00000000  -0.00000000    -0.00000000  -0.00000000
 -0.00000000  -0.00000000    -0.03827934   0.02781157     0.00000000   0.00000000
  0.00000000  -0.00000000     0.00000000   0.00000000     0.01364805  -0.00991589
    7    1
  0.00030324   0.00022032     0.00000000  -0.00000000     0.00244847  -0.00337003
  0.00000000   0.00000000     0.01059104   0.00769484     0.00000000   0.00000000
 -0.00615173   0.00846713    -0.00000000   0.00000000     0.01750682   0.01271945
    7    2
  0.00030324   0.00022032     0.00000000   0.00000000    -0.00244847   0.00337003
  0.00000000   0.00000000     0.01059104   0.00769484     0.00000000   0.00000000
  0.00615173  -0.00846713     0.00000000  -0.00000000     0.01750682   0.01271945
    7    3
 -0.34516947  -0.25078030    -0.00000000   0.00000000     0.00000000   0.00000000
 -0.00000000   0.00000000    -0.02541351  -0.01846399    -0.00000000   0.00000000
  0.00000000   0.00000000    -0.00000000   0.00000000    -0.07254816  -0.05270932
    7    4
 -0.00396240  -0.00287885     0.00000000  -0.00000000     0.00008202  -0.00011289
  0.00000000   0.00000000     0.00251198   0.00182506    -0.00000000   0.00000000
  0.01949889  -0.02683792    -0.00000000   0.00000000     0.00371654   0.00270022
    7    5
 -0.00396240  -0.00287885    -0.00000000   0.00000000    -0.00008202   0.00011289
  0.00000000   0.00000000     0.00251198   0.00182506     0.00000000  -0.00000000
 -0.01949889   0.02683792     0.00000000  -0.00000000     0.00371654   0.00270022
    7    6
 -0.03174993  -0.02306767     0.00000000   0.00000000    -0.00000000   0.00000000
 -0.00000000   0.00000000    -0.03827934  -0.02781157     0.00000000  -0.00000000
  0.00000000   0.00000000     0.00000000  -0.00000000     0.01364805   0.00991589
    7    7
  0.59064464   0.00000000     0.00000000   0.00000000     0.00000000   0.00000000
  0.00000000   0.00000000     0.09682840   0.00000000     0.00000000   0.00000000
  0.00000000   0.00000000     0.00000000   0.00000000     0.11386832   0.00000000

     Dynamical  Matrix in cartesian axes

     q = (    0.000000000  -0.800000000   0.000000000 ) 

    1    1
  0.06540838   0.00000000    -0.00000000   0.00000000    -0.00000000   0.00000000
 -0.00000000   0.00000000     0.10354876   0.00000000     0.00000000  -0.00917965
 -0.00000000   0.00000000     0.00000000   0.00917965     0.19310143   0.00000000
    1    2
  0.01269195   0.00000000    -0.00000000  -0.00000000     0.00000000   0.00000000
 -0.00000000   0.00000000     0.00964651  -0.00000000    -0.00000000  -0.03537497
  0.00000000   0.00000000     0.00000000  -0.03537497     0.01819076   0.00000000
    1    3
  0.02298831   0.00000000    -0.00000000   0.00000000     0.00000000   0.00000000
  0.00000000   0.00000000     0.02071355  -0.00000000     0.00000000   0.06918281
  0.00000000   0.00000000     0.00000000   0.05583864    -0.02938199  -0.00000000
    1    4
 -0.00651380   0.00000000    -0.00000000   0.00000000     0.00000000   0.00000000
 -0.00000000   0.00000000    -0.01375314   0.00000000    -0.00000000  -0.02308085
  0.00000000   0.00000000    -0.00000000  -0.01456646    -0.03181558   0.00000000
    1    5
  0.00222104   0.00000000     0.00000000   0.00000000     0.00000000  -0.00000000
  0.00000000   0.00000000     0.01009978   0.00000000     0.00000000  -0.02356748
  0.00000000   0.00000000     0.00000000   0.00873142     0.04832859  -0.00000000
    1    6
  0.01059104   0.00769484     0.00000000  -0.00000000     0.00000000  -0.00000000
  0.00000000   0.00000000     0.00030324   0.00022032     0.00615173  -0.00846713
  0.00000000  -0.00000000    -0.00244847   0.00337003     0.01750682   0.01271945
    1    7
  0.00131777  -0.00000000     0.00000000   0.00000000     0.00000000   0.00000000
 -0.00000000   0.00000000     0.01037197   0.00000000     0.00000000  -0.00832184
  0.00000000   0.00000000    -0.00000000  -0.00567676     0.02135560   0.00000000
    2    1
  0.01269195  -0.00000000     0.00000000   0.00000000     0.00000000   0.00000000
  0.00000000   0.00000000     0.00964651   0.00000000     0.00000000   0.03537497
  0.00000000   0.00000000     0.00000000   0.03537497     0.01819076   0.00000000
    2    2
  0.06540838   0.00000000    -0.00000000   0.00000000    -0.00000000   0.00000000
 -0.00000000   0.00000000     0.10354876   0.00000000     0.00000000   0.00917965
 -0.00000000   0.00000000     0.00000000  -0.00917965     0.19310143   0.00000000
    2    3
  0.02298831   0.00000000    -0.00000000   0.00000000    -0.00000000   0.00000000
  0.00000000   0.00000000     0.02071355   0.00000000    -0.00000000  -0.06918281
 -0.00000000   0.00000000    -0.00000000  -0.05583864    -0.02938199  -0.00000000
    2    4
  0.00222104   0.00000000     0.00000000   0.00000000     0.00000000   0.00000000
  0.00000000   0.00000000     0.01009978   0.00000000     0.00000000   0.02356748
  0.00000000   0.00000000     0.00000000  -0.00873142     0.04832859   0.00000000
    2    5
 -0.00651380   0.00000000     0.00000000   0.00000000     0.00000000   0.00000000
  0.00000000   0.00000000    -0.01375314   0.00000000     0.00000000   0.02308085
  0.00000000   0.00000000    -0.00000000   0.01456646    -0.03181558   0.00000000
    2    6
  0.01059104   0.00769484     0.00000000   0.00000000     0.00000000   0.00000000
 -0.00000000   0.00000000     0.00030324   0.00022032    -0.00615173   0.00846713
 -0.00000000   0.00000000     0.00244847  -0.00337003     0.01750682   0.01271945
    2    7
  0.00131777   0.00000000     0.00000000  -0.00000000     0.00000000   0.00000000
 -0.00000000  -0.00000000     0.01037197   0.00000000     0.00000000   0.00832184
  0.00000000   0.00000000    -0.00000000   0.00567676     0.02135560   0.00000000
    3    1
  0.02298831   0.00000000     0.00000000  -0.00000000     0.00000000   0.00000000
 -0.00000000   0.00000000     0.02071355   0.00000000    -0.00000000  -0.05583864
  0.00000000   0.00000000     0.00000000  -0.06918281    -0.02938199   0.00000000
    3    2
  0.02298831   0.00000000     0.00000000   0.00000000     0.00000000   0.00000000
 -0.00000000  -0.00000000     0.02071355   0.00000000    -0.00000000   0.05583864
  0.00000000   0.00000000     0.00000000   0.06918281    -0.02938199   0.00000000
    3    3
  0.66259220   0.00000000     0.00000000   0.00000000    -0.00000000   0.00000000
  0.00000000   0.00000000     0.72879875   0.00000000    -0.00000000   0.00000000
  0.00000000   0.00000000    -0.00000000   0.00000000     0.50957485   0.00000000
    3    4
 -0.06005797  -0.00000000     0.00000000   0.00000000     0.00000000   0.00000000
  0.00000000   0.00000000    -0.06849662   0.00000000    -0.00000000   0.00639998
  0.00000000   0.00000000     0.00000000   0.02690051    -0.15499985   0.00000000
    3    5
 -0.06005797   0.00000000    -0.00000000  -0.00000000     0.00000000   0.00000000
  0.00000000   0.00000000    -0.06849662   0.00000000    -0.00000000  -0.00639998
  0.00000000  -0.00000000     0.00000000  -0.02690051    -0.15499985   0.00000000
    3    6
 -0.02541351  -0.01846399     0.00000000  -0.00000000    -0.00000000   0.00000000
 -0.00000000  -0.00000000    -0.34516947  -0.25078030     0.00000000   0.00000000
  0.00000000   0.00000000     0.00000000   0.00000000    -0.07254816  -0.05270932
    3    7
 -0.41672044   0.00000000     0.00000000   0.00000000    -0.00000000   0.00000000
  0.00000000   0.00000000    -0.04711316   0.00000000     0.00000000   0.00000000
  0.00000000   0.00000000    -0.00000000   0.00000000    -0.08823455   0.00000000
    4    1
 -0.00651380   0.00000000     0.00000000  -0.00000000     0.00000000   0.00000000
  0.00000000  -0.00000000    -0.01375314   0.00000000    -0.00000000   0.01456646
  0.00000000   0.00000000    -0.00000000   0.02308085    -0.03181558   0.00000000
    4    2
  0.00222104   0.00000000    -0.00000000  -0.00000000    -0.00000000  -0.00000000
 -0.00000000   0.00000000     0.01009978   0.00000000     0.00000000   0.00873142
 -0.00000000   0.00000000     0.00000000  -0.02356748     0.04832859   0.00000000
    4    3
 -0.06005797   0.00000000     0.00000000   0.00000000     0.00000000   0.00000000
  0.00000000   0.00000000    -0.06849662   0.00000000     0.00000000  -0.02690051
  0.00000000   0.00000000     0.00000000  -0.00639998    -0.15499985   0.00000000
    4    4
  0.07082449   0.00000000     0.00000000   0.00000000    -0.00000000   0.00000000
  0.00000000   0.00000000     0.08932644   0.00000000     0.00000000   0.01154661
  0.00000000   0.00000000     0.00000000  -0.01154661     0.30440931   0.00000000
    4    5
  0.01696637   0.00000000     0.00000000   0.00000000     0.00000000  -0.00000000
  0.00000000   0.00000000     0.01455900  -0.00000000     0.00000000   0.02665775
  0.00000000   0.00000000     0.00000000   0.02665775     0.00706852   0.00000000
    4    6
  0.00251198   0.00182506    -0.00000000   0.00000000     0.00000000   0.00000000
  0.00000000   0.00000000    -0.00396240  -0.00287885    -0.01949889   0.02683792
  0.00000000  -0.00000000    -0.00008202   0.00011289     0.00371654   0.00270022
    4    7
 -0.00688965   0.00000000     0.00000000   0.00000000    -0.00000000   0.00000000
 -0.00000000   0.00000000     0.00812827   0.00000000     0.00000000   0.00951550
  0.00000000   0.00000000    -0.00000000   0.00534544     0.00046675   0.00000000
    5    1
  0.00222104   0.00000000    -0.00000000  -0.00000000    -0.00000000  -0.00000000
 -0.00000000   0.00000000     0.01009978   0.00000000     0.00000000  -0.00873142
 -0.00000000   0.00000000     0.00000000   0.02356748     0.04832859   0.00000000
    5    2
 -0.00651380  -0.00000000     0.00000000   0.00000000     0.00000000   0.00000000
  0.00000000   0.00000000    -0.01375314   0.00000000    -0.00000000  -0.01456646
  0.00000000   0.00000000     0.00000000  -0.02308085    -0.03181558  -0.00000000
    5    3
 -0.06005797   0.00000000     0.00000000   0.00000000     0.00000000   0.00000000
  0.00000000   0.00000000    -0.06849662   0.00000000     0.00000000   0.02690051
  0.00000000   0.00000000     0.00000000   0.00639998    -0.15499985   0.00000000
    5    4
  0.01696637   0.00000000     0.00000000   0.00000000     0.00000000   0.00000000
  0.00000000   0.00000000     0.01455900   0.00000000    -0.00000000  -0.02665775
  0.00000000   0.00000000    -0.00000000  -0.02665775     0.00706852   0.00000000
    5    5
  0.07082449   0.00000000     0.00000000   0.00000000    -0.00000000   0.00000000
  0.00000000   0.00000000     0.08932644   0.00000000     0.00000000  -0.01154661
  0.00000000   0.00000000     0.00000000   0.01154661     0.30440931   0.00000000
    5    6
  0.00251198   0.00182506     0.00000000   0.00000000     0.00000000  -0.00000000
 -0.00000000   0.00000000    -0.00396240  -0.00287885     0.01949889  -0.02683792
 -0.00000000  -0.00000000     0.00008202  -0.00011289     0.00371654   0.00270022
    5    7
 -0.00688965   0.00000000    -0.00000000  -0.00000000     0.00000000   0.00000000
  0.00000000   0.00000000     0.00812827   0.00000000    -0.00000000  -0.00951550
 -0.00000000   0.00000000     0.00000000  -0.00534544     0.00046675   0.00000000
    6    1
  0.01059104  -0.00769484    -0.00000000   0.00000000    -0.00000000   0.00000000
  0.00000000   0.00000000     0.00030324  -0.00022032    -0.00244847  -0.00337003
 -0.00000000   0.00000000     0.00615173   0.00846713     0.01750682  -0.01271945
    6    2
  0.01059104  -0.00769484     0.00000000   0.00000000     0.00000000  -0.00000000
  0.00000000   0.00000000     0.00030324  -0.00022032     0.00244847   0.00337003
 -0.00000000   0.00000000    -0.00615173  -0.00846713     0.01750682  -0.01271945
    6    3
 -0.02541351   0.01846399     0.00000000   0.00000000     0.00000000   0.00000000
  0.00000000   0.00000000    -0.34516947   0.25078030    -0.00000000  -0.00000000
  0.00000000  -0.00000000    -0.00000000   0.00000000    -0.07254816   0.05270932
    6    4
  0.00251198  -0.00182506    -0.00000000   0.00000000     0.00000000   0.00000000
  0.00000000   0.00000000    -0.00396240   0.00287885    -0.00008202  -0.00011289
  0.00000000   0.00000000    -0.01949889  -0.02683792     0.00371654  -0.00270022
    6    5
  0.00251198  -0.00182506     0.00000000  -0.00000000    -0.00000000   0.00000000
 -0.00000000   0.00000000    -0.00396240   0.00287885     0.00008202   0.00011289
 -0.00000000   0.00000000     0.01949889   0.02683792     0.00371654  -0.00270022
    6    6
  0.09682840   0.00000000     0.00000000   0.00000000     0.00000000   0.00000000
  0.00000000   0.00000000     0.59064464   0.00000000     0.00000000   0.00000000
  0.00000000   0.00000000     0.00000000   0.00000000     0.11386832   0.00000000
    6    7
 -0.03827934   0.02781157     0.00000000   0.00000000     0.00000000   0.00000000
  0.00000000   0.00000000    -0.03174993   0.02306767    -0.00000000  -0.00000000
  0.00000000   0.00000000    -0.00000000  -0.00000000     0.01364805  -0.00991589
    7    1
  0.00131777   0.00000000     0.00000000  -0.00000000     0.00000000   0.00000000
  0.00000000  -0.00000000     0.01037197   0.00000000    -0.00000000   0.00567676
  0.00000000   0.00000000    -0.00000000   0.00832184     0.02135560   0.00000000
    7    2
  0.00131777  -0.00000000     0.00000000   0.00000000     0.00000000   0.00000000
  0.00000000   0.00000000     0.01037197  -0.00000000    -0.00000000  -0.00567676
  0.00000000   0.00000000    -0.00000000  -0.00832184     0.02135560   0.00000000
    7    3
 -0.41672044  -0.00000000    -0.00000000   0.00000000     0.00000000   0.00000000
 -0.00000000   0.00000000    -0.04711316  -0.00000000    -0.00000000   0.00000000
  0.00000000   0.00000000    -0.00000000   0.00000000    -0.08823455   0.00000000
    7    4
 -0.00688965   0.00000000    -0.00000000  -0.00000000    -0.00000000   0.00000000
  0.00000000   0.00000000     0.00812827   0.00000000     0.00000000  -0.00534544
 -0.00000000   0.00000000     0.00000000  -0.00951550     0.00046675   0.00000000
    7    5
 -0.00688965   0.00000000     0.00000000   0.00000000    -0.00000000   0.00000000
 -0.00000000   0.00000000     0.00812827   0.00000000     0.00000000   0.00534544
  0.00000000   0.00000000    -0.00000000   0.00951550     0.00046675   0.00000000
    7    6
 -0.03827934  -0.02781157     0.00000000  -0.00000000     0.00000000  -0.00000000
  0.00000000  -0.00000000    -0.03174993  -0.02306767    -0.00000000   0.00000000
  0.00000000  -0.00000000    -0.00000000   0.00000000     0.01364805   0.00991589
    7    7
  0.48693326   0.00000000     0.00000000   0.00000000    -0.00000000   0.00000000
  0.00000000   0.00000000     0.10892421   0.00000000     0.00000000   0.00000000
  0.00000000   0.00000000     0.00000000   0.00000000     0.11640331   0.00000000

     Diagonalizing the dynamical matrix

     q = (    0.800000000   0.000000000   0.000000000 ) 

 **************************************************************************
     freq (    1) =       2.544261 [THz] =      84.867428 [cm-1]
 ( -0.000000  0.000000  0.161188 -0.413665  0.000000  0.000000 ) 
 ( -0.000000  0.000000  0.161188 -0.413665 -0.000000 -0.000000 ) 
 (  0.000000 -0.000000 -0.131817  0.338288 -0.000000 -0.000000 ) 
 (  0.000000 -0.000000 -0.096790  0.248396  0.000000  0.000000 ) 
 (  0.000000 -0.000000 -0.096790  0.248396 -0.000000 -0.000000 ) 
 (  0.000000 -0.000000 -0.134400  0.344917 -0.000000 -0.000000 ) 
 ( -0.000000 -0.000000  0.112087  0.426911 -0.000000  0.000000 ) 
     freq (    2) =       2.619645 [THz] =      87.381938 [cm-1]
 ( -0.305921  0.421065  0.000000 -0.000000 -0.108292 -0.078679 ) 
 (  0.305921 -0.421065 -0.000000  0.000000 -0.108292 -0.078679 ) 
 ( -0.000000 -0.000000 -0.000000  0.000000  0.232474  0.168903 ) 
 ( -0.167567  0.230636  0.000000 -0.000000  0.084918  0.061697 ) 
 (  0.167567 -0.230636 -0.000000  0.000000  0.084918  0.061697 ) 
 ( -0.000000 -0.000000 -0.000000  0.000000  0.166625  0.121060 ) 
 ( -0.000000  0.000000  0.000000  0.000000  0.335900  0.000000 ) 
     freq (    3) =       2.629111 [THz] =      87.697691 [cm-1]
 (  0.000000 -0.000000  0.379967 -0.580613  0.000000  0.000000 ) 
 ( -0.000000  0.000000 -0.379967  0.580613  0.000000  0.000000 ) 
 (  0.000000 -0.000000  0.000000 -0.000000 -0.000000 -0.000000 ) 
 (  0.000000 -0.000000  0.074508 -0.113852 -0.000000 -0.000000 ) 
 ( -0.000000  0.000000 -0.074508  0.113852 -0.000000 -0.000000 ) 
 (  0.000000  0.000000  0.000000 -0.000000 -0.000000 -0.000000 ) 
 (  0.000000 -0.000000 -0.000000 -0.000000 -0.000000  0.000000 ) 
     freq (    4) =       3.067015 [THz] =     102.304608 [cm-1]
 ( -0.399172  0.141488 -0.000000  0.000000  0.116105  0.327560 ) 
 ( -0.399172  0.141488 -0.000000  0.000000 -0.116105 -0.327560 ) 
 (  0.315938 -0.111986  0.000000 -0.000000 -0.000000 -0.000000 ) 
 (  0.205868 -0.072971  0.000000 -0.000000  0.036229  0.102211 ) 
 (  0.205868 -0.072971  0.000000 -0.000000 -0.036229 -0.102211 ) 
 (  0.285189 -0.101087  0.000000 -0.000000 -0.000000 -0.000000 ) 
 (  0.156995 -0.228575  0.000000 -0.000000 -0.000000  0.000000 ) 
     freq (    5) =       4.005188 [THz] =     133.598687 [cm-1]
 (  0.000000 -0.000000 -0.219325  0.211831  0.000000 -0.000000 ) 
 (  0.000000 -0.000000 -0.219325  0.211831 -0.000000  0.000000 ) 
 (  0.000000 -0.000000 -0.303039  0.292685  0.000000  0.000000 ) 
 ( -0.000000 -0.000000 -0.310550  0.299939  0.000000  0.000000 ) 
 (  0.000000 -0.000000 -0.310550  0.299939  0.000000  0.000000 ) 
 ( -0.000000 -0.000000 -0.301102  0.290814  0.000000  0.000000 ) 
 ( -0.000000 -0.000000 -0.051639  0.292985  0.000000  0.000000 ) 
     freq (    6) =       4.430061 [THz] =     147.770942 [cm-1]
 (  0.439473  0.168662  0.000000  0.000000 -0.132106  0.344223 ) 
 (  0.439473  0.168662  0.000000  0.000000  0.132106 -0.344223 ) 
 (  0.249382  0.095708  0.000000  0.000000 -0.000000 -0.000000 ) 
 (  0.244653  0.093894  0.000000  0.000000 -0.042144  0.109814 ) 
 (  0.244653  0.093894  0.000000  0.000000  0.042144 -0.109814 ) 
 (  0.045990  0.017650  0.000000  0.000000 -0.000000 -0.000000 ) 
 (  0.207524 -0.055622  0.000000  0.000000 -0.000000  0.000000 ) 
     freq (    7) =       4.436863 [THz] =     147.997811 [cm-1]
 ( -0.103787  0.142850 -0.000000  0.000000 -0.051539 -0.037445 ) 
 (  0.103787 -0.142850 -0.000000  0.000000 -0.051539 -0.037445 ) 
 ( -0.000000 -0.000000 -0.000000  0.000000 -0.256290 -0.186206 ) 
 (  0.234233 -0.322395 -0.000000  0.000000 -0.195379 -0.141951 ) 
 ( -0.234233  0.322395 -0.000000  0.000000 -0.195379 -0.141951 ) 
 ( -0.000000 -0.000000 -0.000000  0.000000 -0.235193 -0.170878 ) 
 ( -0.000000  0.000000 -0.000000  0.000000 -0.557137  0.000000 ) 
     freq (    8) =       5.187035 [THz] =     173.020852 [cm-1]
 (  0.097100 -0.133646  0.000000 -0.000000 -0.482279 -0.350396 ) 
 ( -0.097100  0.133646 -0.000000  0.000000 -0.482279 -0.350396 ) 
 ( -0.000000  0.000000  0.000000  0.000000  0.033440  0.024296 ) 
 (  0.137059 -0.188646  0.000000 -0.000000  0.041757  0.030338 ) 
 ( -0.137059  0.188646 -0.000000  0.000000  0.041757  0.030338 ) 
 ( -0.000000  0.000000  0.000000 -0.000000  0.250396  0.181923 ) 
 ( -0.000000  0.000000 -0.000000  0.000000  0.152004  0.000000 ) 
     freq (    9) =       5.469425 [THz] =     182.440380 [cm-1]
 (  0.031244  0.013051  0.000000  0.000000  0.111542 -0.267027 ) 
 (  0.031244  0.013051  0.000000  0.000000 -0.111542  0.267027 ) 
 (  0.377446  0.157666  0.000000  0.000000  0.000000  0.000000 ) 
 (  0.395197  0.165081  0.000000  0.000000  0.025694 -0.061510 ) 
 (  0.395197  0.165081 -0.000000 -0.000000 -0.025694  0.061510 ) 
 (  0.374993  0.156641  0.000000  0.000000  0.000000  0.000000 ) 
 (  0.339854 -0.080519  0.000000 -0.000000  0.000000  0.000000 ) 
     freq (   10) =       6.259583 [THz] =     208.797201 [cm-1]
 ( -0.000171  0.000235  0.000000 -0.000000 -0.046560 -0.033828 ) 
 (  0.000171 -0.000235 -0.000000 -0.000000 -0.046560 -0.033828 ) 
 ( -0.000000 -0.000000 -0.000000 -0.000000 -0.215569 -0.156620 ) 
 ( -0.349371  0.480868 -0.000000  0.000000 -0.060251 -0.043775 ) 
 (  0.349371 -0.480868  0.000000 -0.000000 -0.060251 -0.043775 ) 
 (  0.000000  0.000000 -0.000000 -0.000000 -0.203711 -0.148005 ) 
 ( -0.000000  0.000000  0.000000 -0.000000  0.375887  0.000000 ) 
     freq (   11) =       6.340836 [THz] =     211.507506 [cm-1]
 ( -0.000000 -0.000000 -0.014451  0.020769  0.000000  0.000000 ) 
 ( -0.000000 -0.000000  0.014451 -0.020769 -0.000000 -0.000000 ) 
 ( -0.000000  0.000000  0.000000 -0.000000 -0.000000 -0.000000 ) 
 ( -0.000000  0.000000  0.403605 -0.580054 -0.000000 -0.000000 ) 
 (  0.000000 -0.000000 -0.403605  0.580054 -0.000000 -0.000000 ) 
 ( -0.000000  0.000000  0.000000  0.000000 -0.000000 -0.000000 ) 
 (  0.000000  0.000000  0.000000 -0.000000  0.000000  0.000000 ) 
     freq (   12) =       8.042211 [THz] =     268.259286 [cm-1]
 (  0.000000  0.000000  0.025192  0.017341 -0.000000 -0.000000 ) 
 (  0.000000 -0.000000  0.025192  0.017341  0.000000 -0.000000 ) 
 (  0.000000 -0.000000  0.016531  0.011379 -0.000000  0.000000 ) 
 (  0.000000  0.000000 -0.392387 -0.270109 -0.000000 -0.000000 ) 
 (  0.000000  0.000000 -0.392387 -0.270109  0.000000  0.000000 ) 
 (  0.000000 -0.000000  0.074886  0.051550  0.000000  0.000000 ) 
 (  0.000000 -0.000000  0.731615 -0.018615 -0.000000  0.000000 ) 
     freq (   13) =       8.383615 [THz] =     279.647295 [cm-1]
 ( -0.023524  0.008780  0.000000  0.000000 -0.001662 -0.004453 ) 
 ( -0.023524  0.008780 -0.000000  0.000000  0.001662  0.004453 ) 
 ( -0.023394  0.008732  0.000000  0.000000 -0.000000 -0.000000 ) 
 (  0.429835 -0.160434 -0.000000 -0.000000  0.004612  0.012357 ) 
 (  0.429835 -0.160434  0.000000 -0.000000 -0.004612 -0.012357 ) 
 ( -0.708253  0.264352  0.000000  0.000000 -0.000000 -0.000000 ) 
 ( -0.039926  0.060248  0.000000  0.000000 -0.000000  0.000000 ) 
     freq (   14) =       8.916661 [THz] =     297.427796 [cm-1]
 ( -0.000405  0.000557 -0.000000 -0.000000  0.004102  0.002981 ) 
 (  0.000405 -0.000557 -0.000000 -0.000000  0.004102  0.002981 ) 
 ( -0.000000 -0.000000 -0.000000 -0.000000 -0.053540 -0.038899 ) 
 ( -0.140694  0.193649  0.000000  0.000000  0.003144  0.002285 ) 
 (  0.140694 -0.193649  0.000000  0.000000  0.003144  0.002285 ) 
 (  0.000000  0.000000 -0.000000 -0.000000  0.632246  0.459354 ) 
 ( -0.000000 -0.000000  0.000000 -0.000000 -0.519815  0.000000 ) 
     freq (   15) =       9.470416 [THz] =     315.899072 [cm-1]
 ( -0.000000 -0.000000  0.002481  0.001632  0.000000 -0.000000 ) 
 ( -0.000000 -0.000000  0.002481  0.001632 -0.000000 -0.000000 ) 
 (  0.000000  0.000000 -0.179793 -0.118313  0.000000  0.000000 ) 
 ( -0.000000 -0.000000  0.404127  0.265936  0.000000 -0.000000 ) 
 ( -0.000000 -0.000000  0.404127  0.265936 -0.000000 -0.000000 ) 
 ( -0.000000 -0.000000 -0.115732 -0.076157 -0.000000 -0.000000 ) 
 (  0.000000  0.000000  0.682192 -0.031612  0.000000  0.000000 ) 
     freq (   16) =      10.339523 [THz] =     344.889361 [cm-1]
 ( -0.000465 -0.001406  0.000000  0.000000  0.018804 -0.006220 ) 
 ( -0.000465 -0.001406 -0.000000  0.000000 -0.018804  0.006220 ) 
 (  0.068675  0.207595  0.000000  0.000000 -0.000000 -0.000000 ) 
 ( -0.154433 -0.466833 -0.000000 -0.000000  0.086140 -0.028496 ) 
 ( -0.154433 -0.466833 -0.000000 -0.000000 -0.086140  0.028496 ) 
 ( -0.206378 -0.623855  0.000000  0.000000  0.000000  0.000000 ) 
 (  0.113648  0.081650 -0.000000  0.000000 -0.000000  0.000000 ) 
     freq (   17) =      11.153675 [THz] =     372.046557 [cm-1]
 (  0.012141 -0.016711  0.000000 -0.000000 -0.037462 -0.027218 ) 
 ( -0.012141  0.016711 -0.000000 -0.000000 -0.037462 -0.027218 ) 
 (  0.000000  0.000000  0.000000 -0.000000  0.088078  0.063992 ) 
 ( -0.150043  0.206516  0.000000  0.000000  0.178352  0.129580 ) 
 (  0.150043 -0.206516  0.000000  0.000000  0.178352  0.129580 ) 
 ( -0.000000 -0.000000 -0.000000 -0.000000 -0.442073 -0.321185 ) 
 (  0.000000  0.000000 -0.000000  0.000000 -0.675938  0.000000 ) 
     freq (   18) =      15.012510 [THz] =     500.763447 [cm-1]
 (  0.000361  0.000234  0.000000  0.000000 -0.021188  0.032613 ) 
 (  0.000361  0.000234 -0.000000 -0.000000  0.021188 -0.032613 ) 
 ( -0.013080 -0.008498  0.000000 -0.000000  0.000000 -0.000000 ) 
 (  0.052039  0.033810  0.000000 -0.000000  0.382548 -0.588814 ) 
 (  0.052039  0.033810 -0.000000  0.000000 -0.382548  0.588814 ) 
 (  0.044047  0.028617 -0.000000  0.000000  0.000000  0.000000 ) 
 ( -0.013425  0.000701  0.000000  0.000000  0.000000  0.000000 ) 
     freq (   19) =      16.194715 [THz] =     540.197529 [cm-1]
 (  0.014991 -0.020633  0.000000 -0.000000 -0.011155 -0.008105 ) 
 ( -0.014991  0.020633 -0.000000 -0.000000 -0.011155 -0.008105 ) 
 ( -0.000000 -0.000000  0.000000  0.000000  0.112706  0.081886 ) 
 ( -0.074912  0.103108 -0.000000 -0.000000 -0.550203 -0.399746 ) 
 (  0.074912 -0.103108 -0.000000 -0.000000 -0.550203 -0.399746 ) 
 ( -0.000000 -0.000000  0.000000 -0.000000 -0.063004 -0.045775 ) 
 (  0.000000  0.000000 -0.000000 -0.000000 -0.123767  0.000000 ) 
     freq (   20) =      20.248074 [THz] =     675.403044 [cm-1]
 (  0.000000 -0.000000 -0.001100 -0.000034  0.000000  0.000000 ) 
 ( -0.000000  0.000000 -0.001100 -0.000034  0.000000  0.000000 ) 
 ( -0.000000 -0.000000 -0.144295 -0.004456  0.000000  0.000000 ) 
 ( -0.000000  0.000000  0.003443  0.000106  0.000000  0.000000 ) 
 (  0.000000 -0.000000  0.003443  0.000106  0.000000  0.000000 ) 
 ( -0.000000  0.000000  0.984720  0.030410 -0.000000  0.000000 ) 
 (  0.000000  0.000000 -0.076384  0.051971 -0.000000  0.000000 ) 
     freq (   21) =      21.913013 [THz] =     730.939437 [cm-1]
 (  0.000325  0.000767  0.000000  0.000000  0.000741 -0.000314 ) 
 (  0.000325  0.000767 -0.000000 -0.000000 -0.000741  0.000314 ) 
 (  0.048793  0.115342 -0.000000  0.000000  0.000000  0.000000 ) 
 ( -0.002348 -0.005551 -0.000000 -0.000000 -0.002027  0.000857 ) 
 ( -0.002348 -0.005551  0.000000 -0.000000  0.002027 -0.000857 ) 
 (  0.023785  0.056226  0.000000 -0.000000 -0.000000 -0.000000 ) 
 ( -0.848145 -0.511032  0.000000  0.000000 -0.000000  0.000000 ) 
 **************************************************************************
