Dynamical matrix file
Sr2RuO4                                                                    
  3    7   7   7.3000120   0.0000000   3.2938131   0.0000000   0.0000000   0.0000000
           1  'Sr     '    79860.7445811805     
           2  'Ru     '    92119.6696509919     
           3  'O      '    14582.1964454954     
    1    1      0.0000000000      0.0000000000      1.1602701746
    2    1      0.0000000000      0.0000000000     -1.1602701746
    3    2      0.0000000000      0.0000000000      0.0000000000
    4    3      0.0000000000      0.0000000000      0.5380857149
    5    3      0.0000000000      0.0000000000     -0.5380857149
    6    3      0.0000000000     -0.5000000000      0.0000000000
    7    3      0.5000000000      0.0000000000      0.0000000000

     Dynamical  Matrix in cartesian axes

     q = (    0.000000000   0.000000000   0.242879598 ) 

    1    1
  0.06723055   0.00000000    -0.00000000   0.00000000    -0.00000000   0.00000000
 -0.00000000   0.00000000     0.06723055   0.00000000     0.00000000   0.00000000
 -0.00000000   0.00000000     0.00000000   0.00000000     0.20108580   0.00000000
    1    2
  0.01170724  -0.00942858    -0.00000000  -0.00000000    -0.00000000  -0.00000000
 -0.00000000  -0.00000000     0.01170724  -0.00942858     0.00000000   0.00000000
  0.00000000  -0.00000000     0.00000000   0.00000000     0.03334832  -0.01123167
    1    3
  0.02310986  -0.01806795    -0.00000000  -0.00000000    -0.00000000   0.00000000
 -0.00000000  -0.00000000     0.02310986  -0.01806795     0.00000000  -0.00000000
 -0.00000000   0.00000000     0.00000000  -0.00000000    -0.03859520  -0.00135018
    1    4
 -0.00645119  -0.00005685    -0.00000000   0.00000000    -0.00000000  -0.00000000
  0.00000000   0.00000000    -0.00645119  -0.00005685     0.00000000   0.00000000
  0.00000000   0.00000000     0.00000000  -0.00000000    -0.02548608  -0.00429154
    1    5
  0.00220112  -0.00140611     0.00000000   0.00000000     0.00000000  -0.00000000
 -0.00000000   0.00000000     0.00220112  -0.00140611     0.00000000   0.00000000
 -0.00000000   0.00000000     0.00000000  -0.00000000     0.05060554  -0.03304197
    1    6
  0.00998839  -0.00725107    -0.00000000  -0.00000000    -0.00000000  -0.00000000
 -0.00000000   0.00000000     0.00128961  -0.00073227     0.00000000   0.00000000
 -0.00000000   0.00000000     0.00000000   0.00000000     0.02539884  -0.00968875
    1    7
  0.00128961  -0.00073227    -0.00000000  -0.00000000     0.00000000   0.00000000
 -0.00000000  -0.00000000     0.00998839  -0.00725107     0.00000000   0.00000000
 -0.00000000  -0.00000000     0.00000000   0.00000000     0.02539884  -0.00968875
    2    1
  0.01170724   0.00942858    -0.00000000   0.00000000    -0.00000000   0.00000000
 -0.00000000   0.00000000     0.01170724   0.00942858     0.00000000  -0.00000000
  0.00000000   0.00000000     0.00000000  -0.00000000     0.03334832   0.01123167
    2    2
  0.06723055   0.00000000    -0.00000000   0.00000000    -0.00000000   0.00000000
 -0.00000000   0.00000000     0.06723055   0.00000000     0.00000000   0.00000000
 -0.00000000   0.00000000     0.00000000   0.00000000     0.20108580   0.00000000
    2    3
  0.02310986   0.01806795    -0.00000000   0.00000000    -0.00000000  -0.00000000
 -0.00000000   0.00000000     0.02310986   0.01806795     0.00000000   0.00000000
 -0.00000000  -0.00000000     0.00000000   0.00000000    -0.03859520   0.00135018
    2    4
  0.00220112   0.00140611     0.00000000  -0.00000000     0.00000000   0.00000000
 -0.00000000  -0.00000000     0.00220112   0.00140611     0.00000000   0.00000000
 -0.00000000   0.00000000     0.00000000   0.00000000     0.05060554   0.03304197
    2    5
 -0.00645119   0.00005685    -0.00000000   0.00000000    -0.00000000   0.00000000
  0.00000000  -0.00000000    -0.00645119   0.00005685     0.00000000  -0.00000000
  0.00000000  -0.00000000     0.00000000   0.00000000    -0.02548608   0.00429154
    2    6
  0.00998839   0.00725107    -0.00000000   0.00000000    -0.00000000   0.00000000
 -0.00000000  -0.00000000     0.00128961   0.00073227     0.00000000  -0.00000000
 -0.00000000   0.00000000     0.00000000  -0.00000000     0.02539884   0.00968875
    2    7
  0.00128961   0.00073227    -0.00000000   0.00000000     0.00000000   0.00000000
 -0.00000000   0.00000000     0.00998839   0.00725107     0.00000000  -0.00000000
 -0.00000000   0.00000000     0.00000000  -0.00000000     0.02539884   0.00968875
    3    1
  0.02310986   0.01806795     0.00000000  -0.00000000    -0.00000000   0.00000000
 -0.00000000   0.00000000     0.02310986   0.01806795     0.00000000  -0.00000000
 -0.00000000   0.00000000     0.00000000  -0.00000000    -0.03859520   0.00135018
    3    2
  0.02310986  -0.01806795     0.00000000   0.00000000    -0.00000000   0.00000000
 -0.00000000   0.00000000     0.02310986  -0.01806795     0.00000000   0.00000000
 -0.00000000  -0.00000000     0.00000000   0.00000000    -0.03859520  -0.00135018
    3    3
  0.63436345   0.00000000    -0.00000000   0.00000000    -0.00000000   0.00000000
 -0.00000000   0.00000000     0.63436345   0.00000000    -0.00000000   0.00000000
 -0.00000000   0.00000000     0.00000000   0.00000000     0.51089452   0.00000000
    3    4
 -0.05994765   0.00052070     0.00000000  -0.00000000     0.00000000   0.00000000
  0.00000000   0.00000000    -0.05994765   0.00052070    -0.00000000   0.00000000
 -0.00000000   0.00000000     0.00000000   0.00000000    -0.16866151  -0.01752520
    3    5
 -0.05994765  -0.00052070     0.00000000   0.00000000     0.00000000   0.00000000
  0.00000000   0.00000000    -0.05994765  -0.00052070    -0.00000000   0.00000000
 -0.00000000   0.00000000     0.00000000   0.00000000    -0.16866151   0.01752520
    3    6
 -0.03257206   0.00000000     0.00000000   0.00000000     0.00000000   0.00000000
  0.00000000   0.00000000    -0.41497971   0.00000000     0.00000000   0.00000000
  0.00000000   0.00000000    -0.00000000   0.00000000    -0.10081725   0.00000000
    3    7
 -0.41497971   0.00000000    -0.00000000   0.00000000    -0.00000000   0.00000000
  0.00000000   0.00000000    -0.03257206   0.00000000     0.00000000   0.00000000
  0.00000000   0.00000000    -0.00000000   0.00000000    -0.10081725   0.00000000
    4    1
 -0.00645119   0.00005685     0.00000000   0.00000000    -0.00000000  -0.00000000
  0.00000000   0.00000000    -0.00645119   0.00005685     0.00000000   0.00000000
 -0.00000000  -0.00000000     0.00000000   0.00000000    -0.02548608   0.00429154
    4    2
  0.00220112  -0.00140611     0.00000000   0.00000000     0.00000000   0.00000000
  0.00000000   0.00000000     0.00220112  -0.00140611     0.00000000  -0.00000000
  0.00000000  -0.00000000     0.00000000  -0.00000000     0.05060554  -0.03304197
    4    3
 -0.05994765  -0.00052070     0.00000000   0.00000000     0.00000000   0.00000000
  0.00000000   0.00000000    -0.05994765  -0.00052070     0.00000000   0.00000000
 -0.00000000  -0.00000000     0.00000000   0.00000000    -0.16866151   0.01752520
    4    4
  0.06679039   0.00000000    -0.00000000   0.00000000     0.00000000   0.00000000
 -0.00000000   0.00000000     0.06679039   0.00000000    -0.00000000   0.00000000
 -0.00000000   0.00000000     0.00000000   0.00000000     0.31467878   0.00000000
    4    5
  0.01708833  -0.00392547    -0.00000000  -0.00000000     0.00000000  -0.00000000
 -0.00000000  -0.00000000     0.01708833  -0.00392547     0.00000000   0.00000000
  0.00000000  -0.00000000     0.00000000   0.00000000     0.01313105  -0.02372747
    4    6
  0.00410075   0.00039842     0.00000000   0.00000000     0.00000000   0.00000000
  0.00000000   0.00000000    -0.00697462  -0.00000581    -0.00000000   0.00000000
  0.00000000   0.00000000    -0.00000000   0.00000000     0.00634164  -0.00774273
    4    7
 -0.00697462  -0.00000581     0.00000000   0.00000000     0.00000000   0.00000000
  0.00000000   0.00000000     0.00410075   0.00039842    -0.00000000  -0.00000000
  0.00000000  -0.00000000    -0.00000000  -0.00000000     0.00634164  -0.00774273
    5    1
  0.00220112   0.00140611     0.00000000  -0.00000000     0.00000000  -0.00000000
  0.00000000  -0.00000000     0.00220112   0.00140611     0.00000000   0.00000000
  0.00000000   0.00000000     0.00000000   0.00000000     0.05060554   0.03304197
    5    2
 -0.00645119  -0.00005685     0.00000000  -0.00000000    -0.00000000   0.00000000
  0.00000000  -0.00000000    -0.00645119  -0.00005685     0.00000000  -0.00000000
 -0.00000000   0.00000000     0.00000000  -0.00000000    -0.02548608  -0.00429154
    5    3
 -0.05994765   0.00052070     0.00000000   0.00000000     0.00000000   0.00000000
  0.00000000   0.00000000    -0.05994765   0.00052070     0.00000000   0.00000000
 -0.00000000   0.00000000     0.00000000  -0.00000000    -0.16866151  -0.01752520
    5    4
  0.01708833   0.00392547    -0.00000000   0.00000000     0.00000000   0.00000000
 -0.00000000   0.00000000     0.01708833   0.00392547     0.00000000  -0.00000000
  0.00000000   0.00000000     0.00000000  -0.00000000     0.01313105   0.02372747
    5    5
  0.06679039  -0.00000000    -0.00000000   0.00000000     0.00000000   0.00000000
 -0.00000000   0.00000000     0.06679039  -0.00000000    -0.00000000   0.00000000
 -0.00000000   0.00000000     0.00000000   0.00000000     0.31467878  -0.00000000
    5    6
  0.00410075  -0.00039842     0.00000000  -0.00000000     0.00000000  -0.00000000
  0.00000000  -0.00000000    -0.00697462   0.00000581    -0.00000000   0.00000000
  0.00000000  -0.00000000    -0.00000000  -0.00000000     0.00634164   0.00774273
    5    7
 -0.00697462   0.00000581     0.00000000  -0.00000000     0.00000000   0.00000000
  0.00000000  -0.00000000     0.00410075  -0.00039842    -0.00000000   0.00000000
  0.00000000   0.00000000    -0.00000000   0.00000000     0.00634164   0.00774273
    6    1
  0.00998839   0.00725107     0.00000000   0.00000000    -0.00000000   0.00000000
  0.00000000   0.00000000     0.00128961   0.00073227     0.00000000  -0.00000000
  0.00000000   0.00000000     0.00000000  -0.00000000     0.02539884   0.00968875
    6    2
  0.00998839  -0.00725107     0.00000000  -0.00000000    -0.00000000  -0.00000000
  0.00000000  -0.00000000     0.00128961  -0.00073227     0.00000000   0.00000000
  0.00000000  -0.00000000     0.00000000   0.00000000     0.02539884  -0.00968875
    6    3
 -0.03257206   0.00000000     0.00000000   0.00000000     0.00000000   0.00000000
  0.00000000   0.00000000    -0.41497971   0.00000000     0.00000000   0.00000000
  0.00000000   0.00000000    -0.00000000   0.00000000    -0.10081725   0.00000000
    6    4
  0.00410075  -0.00039842     0.00000000   0.00000000     0.00000000   0.00000000
  0.00000000   0.00000000    -0.00697462   0.00000581    -0.00000000  -0.00000000
  0.00000000   0.00000000     0.00000000  -0.00000000     0.00634164   0.00774273
    6    5
  0.00410075   0.00039842     0.00000000  -0.00000000     0.00000000   0.00000000
  0.00000000  -0.00000000    -0.00697462  -0.00000581    -0.00000000   0.00000000
  0.00000000  -0.00000000     0.00000000   0.00000000     0.00634164  -0.00774273
    6    6
  0.10298456   0.00000000    -0.00000000   0.00000000     0.00000000   0.00000000
 -0.00000000   0.00000000     0.48845739   0.00000000    -0.00000000   0.00000000
  0.00000000   0.00000000    -0.00000000   0.00000000     0.12269641   0.00000000
    6    7
 -0.05755317   0.00000000     0.00000000   0.00000000    -0.00000000   0.00000000
  0.00000000   0.00000000    -0.05755317   0.00000000     0.00000000   0.00000000
 -0.00000000   0.00000000     0.00000000   0.00000000     0.02364413   0.00000000
    7    1
  0.00128961   0.00073227     0.00000000   0.00000000    -0.00000000   0.00000000
  0.00000000   0.00000000     0.00998839   0.00725107     0.00000000  -0.00000000
  0.00000000   0.00000000     0.00000000  -0.00000000     0.02539884   0.00968875
    7    2
  0.00128961  -0.00073227     0.00000000  -0.00000000    -0.00000000  -0.00000000
  0.00000000  -0.00000000     0.00998839  -0.00725107     0.00000000   0.00000000
  0.00000000  -0.00000000     0.00000000   0.00000000     0.02539884  -0.00968875
    7    3
 -0.41497971   0.00000000    -0.00000000   0.00000000    -0.00000000   0.00000000
  0.00000000   0.00000000    -0.03257206   0.00000000     0.00000000   0.00000000
  0.00000000   0.00000000    -0.00000000   0.00000000    -0.10081725   0.00000000
    7    4
 -0.00697462   0.00000581     0.00000000  -0.00000000     0.00000000  -0.00000000
  0.00000000  -0.00000000     0.00410075  -0.00039842     0.00000000   0.00000000
  0.00000000  -0.00000000    -0.00000000   0.00000000     0.00634164   0.00774273
    7    5
 -0.00697462  -0.00000581     0.00000000   0.00000000     0.00000000   0.00000000
  0.00000000   0.00000000     0.00410075   0.00039842     0.00000000  -0.00000000
  0.00000000   0.00000000    -0.00000000  -0.00000000     0.00634164  -0.00774273
    7    6
 -0.05755317   0.00000000     0.00000000   0.00000000    -0.00000000   0.00000000
  0.00000000   0.00000000    -0.05755317   0.00000000     0.00000000   0.00000000
 -0.00000000   0.00000000     0.00000000   0.00000000     0.02364413   0.00000000
    7    7
  0.48845739   0.00000000    -0.00000000   0.00000000     0.00000000   0.00000000
  0.00000000   0.00000000     0.10298456   0.00000000     0.00000000   0.00000000
  0.00000000   0.00000000     0.00000000   0.00000000     0.12269641   0.00000000

     Dynamical  Matrix in cartesian axes

     q = (    0.000000000   0.000000000  -0.242879598 ) 

    1    1
  0.06723055   0.00000000    -0.00000000   0.00000000     0.00000000   0.00000000
 -0.00000000   0.00000000     0.06723055   0.00000000     0.00000000   0.00000000
  0.00000000   0.00000000     0.00000000   0.00000000     0.20108580   0.00000000
    1    2
  0.01170724   0.00942858     0.00000000   0.00000000    -0.00000000   0.00000000
  0.00000000   0.00000000     0.01170724   0.00942858     0.00000000  -0.00000000
  0.00000000   0.00000000     0.00000000  -0.00000000     0.03334832   0.01123167
    1    3
  0.02310986   0.01806795    -0.00000000  -0.00000000    -0.00000000  -0.00000000
 -0.00000000  -0.00000000     0.02310986   0.01806795     0.00000000  -0.00000000
 -0.00000000  -0.00000000     0.00000000   0.00000000    -0.03859520   0.00135018
    1    4
 -0.00645119   0.00005685     0.00000000   0.00000000    -0.00000000  -0.00000000
 -0.00000000   0.00000000    -0.00645119   0.00005685     0.00000000  -0.00000000
  0.00000000  -0.00000000     0.00000000   0.00000000    -0.02548608   0.00429154
    1    5
  0.00220112   0.00140611    -0.00000000   0.00000000     0.00000000   0.00000000
  0.00000000   0.00000000     0.00220112   0.00140611    -0.00000000   0.00000000
  0.00000000   0.00000000     0.00000000   0.00000000     0.05060554   0.03304197
    1    6
  0.00998839   0.00725107    -0.00000000   0.00000000     0.00000000   0.00000000
 -0.00000000   0.00000000     0.00128961   0.00073227     0.00000000  -0.00000000
 -0.00000000   0.00000000     0.00000000  -0.00000000     0.02539884   0.00968875
    1    7
  0.00128961   0.00073227    -0.00000000   0.00000000    -0.00000000   0.00000000
 -0.00000000   0.00000000     0.00998839   0.00725107     0.00000000  -0.00000000
 -0.00000000   0.00000000     0.00000000  -0.00000000     0.02539884   0.00968875
    2    1
  0.01170724  -0.00942858     0.00000000  -0.00000000    -0.00000000  -0.00000000
  0.00000000  -0.00000000     0.01170724  -0.00942858     0.00000000   0.00000000
  0.00000000  -0.00000000     0.00000000   0.00000000     0.03334832  -0.01123167
    2    2
  0.06723055   0.00000000    -0.00000000   0.00000000     0.00000000   0.00000000
 -0.00000000   0.00000000     0.06723055   0.00000000     0.00000000   0.00000000
  0.00000000   0.00000000     0.00000000   0.00000000     0.20108580   0.00000000
    2    3
  0.02310986  -0.01806795    -0.00000000   0.00000000    -0.00000000   0.00000000
 -0.00000000   0.00000000     0.02310986  -0.01806795     0.00000000   0.00000000
 -0.00000000   0.00000000     0.00000000  -0.00000000    -0.03859520  -0.00135018
    2    4
  0.00220112  -0.00140611    -0.00000000   0.00000000     0.00000000   0.00000000
  0.00000000   0.00000000     0.00220112  -0.00140611    -0.00000000   0.00000000
  0.00000000   0.00000000     0.00000000   0.00000000     0.05060554  -0.03304197
    2    5
 -0.00645119  -0.00005685     0.00000000  -0.00000000    -0.00000000   0.00000000
 -0.00000000   0.00000000    -0.00645119  -0.00005685     0.00000000   0.00000000
  0.00000000   0.00000000     0.00000000  -0.00000000    -0.02548608  -0.00429154
    2    6
  0.00998839  -0.00725107    -0.00000000  -0.00000000     0.00000000  -0.00000000
 -0.00000000  -0.00000000     0.00128961  -0.00073227     0.00000000   0.00000000
 -0.00000000  -0.00000000     0.00000000   0.00000000     0.02539884  -0.00968875
    2    7
  0.00128961  -0.00073227    -0.00000000  -0.00000000    -0.00000000  -0.00000000
 -0.00000000  -0.00000000     0.00998839  -0.00725107     0.00000000   0.00000000
 -0.00000000  -0.00000000     0.00000000   0.00000000     0.02539884  -0.00968875
    3    1
  0.02310986  -0.01806795    -0.00000000   0.00000000    -0.00000000  -0.00000000
 -0.00000000  -0.00000000     0.02310986  -0.01806795     0.00000000   0.00000000
  0.00000000  -0.00000000    -0.00000000   0.00000000    -0.03859520  -0.00135018
    3    2
  0.02310986   0.01806795    -0.00000000  -0.00000000    -0.00000000   0.00000000
 -0.00000000   0.00000000     0.02310986   0.01806795     0.00000000  -0.00000000
  0.00000000   0.00000000    -0.00000000  -0.00000000    -0.03859520   0.00135018
    3    3
  0.63436345   0.00000000     0.00000000   0.00000000    -0.00000000   0.00000000
 -0.00000000   0.00000000     0.63436345   0.00000000     0.00000000   0.00000000
 -0.00000000   0.00000000     0.00000000   0.00000000     0.51089452   0.00000000
    3    4
 -0.05994765  -0.00052070     0.00000000   0.00000000     0.00000000   0.00000000
  0.00000000   0.00000000    -0.05994765  -0.00052070    -0.00000000  -0.00000000
 -0.00000000   0.00000000     0.00000000  -0.00000000    -0.16866151   0.01752520
    3    5
 -0.05994765   0.00052070     0.00000000  -0.00000000     0.00000000  -0.00000000
  0.00000000  -0.00000000    -0.05994765   0.00052070    -0.00000000   0.00000000
 -0.00000000  -0.00000000     0.00000000   0.00000000    -0.16866151  -0.01752520
    3    6
 -0.03257206   0.00000000     0.00000000   0.00000000     0.00000000   0.00000000
  0.00000000   0.00000000    -0.41497971   0.00000000     0.00000000   0.00000000
  0.00000000   0.00000000     0.00000000   0.00000000    -0.10081725   0.00000000
    3    7
 -0.41497971   0.00000000     0.00000000   0.00000000     0.00000000   0.00000000
  0.00000000   0.00000000    -0.03257206   0.00000000     0.00000000   0.00000000
 -0.00000000   0.00000000     0.00000000   0.00000000    -0.10081725   0.00000000
    4    1
 -0.00645119  -0.00005685    -0.00000000   0.00000000    -0.00000000   0.00000000
  0.00000000  -0.00000000    -0.00645119  -0.00005685     0.00000000   0.00000000
 -0.00000000  -0.00000000     0.00000000   0.00000000    -0.02548608  -0.00429154
    4    2
  0.00220112   0.00140611    -0.00000000  -0.00000000     0.00000000  -0.00000000
  0.00000000   0.00000000     0.00220112   0.00140611     0.00000000   0.00000000
  0.00000000   0.00000000     0.00000000   0.00000000     0.05060554   0.03304197
    4    3
 -0.05994765   0.00052070     0.00000000  -0.00000000     0.00000000   0.00000000
  0.00000000  -0.00000000    -0.05994765   0.00052070    -0.00000000   0.00000000
 -0.00000000  -0.00000000     0.00000000   0.00000000    -0.16866151  -0.01752520
    4    4
  0.06679039  -0.00000000    -0.00000000   0.00000000    -0.00000000   0.00000000
 -0.00000000   0.00000000     0.06679039  -0.00000000     0.00000000   0.00000000
 -0.00000000   0.00000000     0.00000000   0.00000000     0.31467878  -0.00000000
    4    5
  0.01708833   0.00392547    -0.00000000   0.00000000    -0.00000000   0.00000000
 -0.00000000   0.00000000     0.01708833   0.00392547     0.00000000  -0.00000000
 -0.00000000   0.00000000     0.00000000  -0.00000000     0.01313105   0.02372747
    4    6
  0.00410075  -0.00039842     0.00000000  -0.00000000     0.00000000   0.00000000
  0.00000000  -0.00000000    -0.00697462   0.00000581     0.00000000   0.00000000
  0.00000000   0.00000000    -0.00000000   0.00000000     0.00634164   0.00774273
    4    7
 -0.00697462   0.00000581     0.00000000  -0.00000000     0.00000000  -0.00000000
  0.00000000   0.00000000     0.00410075  -0.00039842     0.00000000   0.00000000
  0.00000000  -0.00000000    -0.00000000   0.00000000     0.00634164   0.00774273
    5    1
  0.00220112  -0.00140611    -0.00000000   0.00000000     0.00000000   0.00000000
  0.00000000  -0.00000000     0.00220112  -0.00140611     0.00000000  -0.00000000
  0.00000000  -0.00000000     0.00000000   0.00000000     0.05060554  -0.03304197
    5    2
 -0.00645119   0.00005685    -0.00000000   0.00000000    -0.00000000  -0.00000000
  0.00000000   0.00000000    -0.00645119   0.00005685     0.00000000  -0.00000000
 -0.00000000   0.00000000     0.00000000  -0.00000000    -0.02548608   0.00429154
    5    3
 -0.05994765  -0.00052070     0.00000000   0.00000000     0.00000000   0.00000000
  0.00000000   0.00000000    -0.05994765  -0.00052070    -0.00000000   0.00000000
 -0.00000000   0.00000000     0.00000000  -0.00000000    -0.16866151   0.01752520
    5    4
  0.01708833  -0.00392547    -0.00000000  -0.00000000    -0.00000000  -0.00000000
 -0.00000000  -0.00000000     0.01708833  -0.00392547     0.00000000   0.00000000
 -0.00000000  -0.00000000     0.00000000   0.00000000     0.01313105  -0.02372747
    5    5
  0.06679039   0.00000000    -0.00000000   0.00000000    -0.00000000   0.00000000
 -0.00000000   0.00000000     0.06679039   0.00000000     0.00000000   0.00000000
 -0.00000000   0.00000000     0.00000000   0.00000000     0.31467878   0.00000000
    5    6
  0.00410075   0.00039842     0.00000000   0.00000000     0.00000000   0.00000000
  0.00000000   0.00000000    -0.00697462  -0.00000581     0.00000000  -0.00000000
  0.00000000   0.00000000    -0.00000000  -0.00000000     0.00634164  -0.00774273
    5    7
 -0.00697462  -0.00000581     0.00000000   0.00000000     0.00000000   0.00000000
  0.00000000   0.00000000     0.00410075   0.00039842     0.00000000  -0.00000000
  0.00000000   0.00000000    -0.00000000  -0.00000000     0.00634164  -0.00774273
    6    1
  0.00998839  -0.00725107     0.00000000  -0.00000000    -0.00000000  -0.00000000
  0.00000000  -0.00000000     0.00128961  -0.00073227     0.00000000   0.00000000
  0.00000000  -0.00000000     0.00000000   0.00000000     0.02539884  -0.00968875
    6    2
  0.00998839   0.00725107     0.00000000   0.00000000    -0.00000000   0.00000000
  0.00000000   0.00000000     0.00128961   0.00073227     0.00000000  -0.00000000
  0.00000000   0.00000000     0.00000000  -0.00000000     0.02539884   0.00968875
    6    3
 -0.03257206   0.00000000     0.00000000   0.00000000     0.00000000   0.00000000
  0.00000000   0.00000000    -0.41497971   0.00000000     0.00000000   0.00000000
  0.00000000   0.00000000     0.00000000   0.00000000    -0.10081725   0.00000000
    6    4
  0.00410075   0.00039842     0.00000000   0.00000000     0.00000000   0.00000000
  0.00000000  -0.00000000    -0.00697462  -0.00000581     0.00000000   0.00000000
  0.00000000  -0.00000000    -0.00000000  -0.00000000     0.00634164  -0.00774273
    6    5
  0.00410075  -0.00039842     0.00000000  -0.00000000     0.00000000  -0.00000000
  0.00000000   0.00000000    -0.00697462   0.00000581     0.00000000  -0.00000000
  0.00000000   0.00000000    -0.00000000   0.00000000     0.00634164   0.00774273
    6    6
  0.10298456   0.00000000    -0.00000000   0.00000000     0.00000000   0.00000000
 -0.00000000   0.00000000     0.48845739   0.00000000     0.00000000   0.00000000
  0.00000000   0.00000000     0.00000000   0.00000000     0.12269641   0.00000000
    6    7
 -0.05755317   0.00000000     0.00000000   0.00000000    -0.00000000   0.00000000
  0.00000000   0.00000000    -0.05755317   0.00000000     0.00000000   0.00000000
 -0.00000000   0.00000000     0.00000000   0.00000000     0.02364413   0.00000000
    7    1
  0.00128961  -0.00073227    -0.00000000  -0.00000000    -0.00000000  -0.00000000
 -0.00000000  -0.00000000     0.00998839  -0.00725107     0.00000000   0.00000000
  0.00000000  -0.00000000     0.00000000   0.00000000     0.02539884  -0.00968875
    7    2
  0.00128961   0.00073227    -0.00000000   0.00000000    -0.00000000   0.00000000
 -0.00000000   0.00000000     0.00998839   0.00725107     0.00000000  -0.00000000
  0.00000000   0.00000000     0.00000000  -0.00000000     0.02539884   0.00968875
    7    3
 -0.41497971   0.00000000     0.00000000   0.00000000     0.00000000   0.00000000
  0.00000000   0.00000000    -0.03257206   0.00000000     0.00000000   0.00000000
 -0.00000000   0.00000000     0.00000000   0.00000000    -0.10081725   0.00000000
    7    4
 -0.00697462  -0.00000581     0.00000000   0.00000000     0.00000000   0.00000000
  0.00000000  -0.00000000     0.00410075   0.00039842    -0.00000000   0.00000000
  0.00000000  -0.00000000     0.00000000   0.00000000     0.00634164  -0.00774273
    7    5
 -0.00697462   0.00000581     0.00000000   0.00000000     0.00000000  -0.00000000
  0.00000000   0.00000000     0.00410075  -0.00039842    -0.00000000   0.00000000
  0.00000000   0.00000000     0.00000000   0.00000000     0.00634164   0.00774273
    7    6
 -0.05755317   0.00000000     0.00000000   0.00000000    -0.00000000   0.00000000
  0.00000000   0.00000000    -0.05755317   0.00000000     0.00000000   0.00000000
 -0.00000000   0.00000000     0.00000000   0.00000000     0.02364413   0.00000000
    7    7
  0.48845739   0.00000000     0.00000000   0.00000000     0.00000000   0.00000000
  0.00000000   0.00000000     0.10298456   0.00000000     0.00000000   0.00000000
  0.00000000   0.00000000     0.00000000   0.00000000     0.12269641   0.00000000

     Diagonalizing the dynamical matrix

     q = (    0.000000000   0.000000000   0.242879598 ) 

 **************************************************************************
     freq (    1) =       1.892293 [THz] =      63.120108 [cm-1]
 (  0.017137 -0.050008 -0.193650  0.329841 -0.000000 -0.000000 ) 
 (  0.029882  0.043607 -0.148954 -0.352290 -0.000000  0.000000 ) 
 ( -0.053211  0.007244  0.387721  0.025405 -0.000000  0.000000 ) 
 ( -0.043993 -0.006372  0.302726  0.108647 -0.000000 -0.000000 ) 
 ( -0.040689  0.017901  0.314315 -0.068216 -0.000000  0.000000 ) 
 ( -0.057365  0.007810  0.393272  0.025769 -0.000000  0.000000 ) 
 ( -0.053972  0.007348  0.417995  0.027388 -0.000000  0.000000 ) 
     freq (    2) =       1.892293 [THz] =      63.120108 [cm-1]
 ( -0.174728  0.340244 -0.033041  0.041265 -0.000000  0.000000 ) 
 ( -0.168597 -0.343323 -0.013372 -0.051144 -0.000000 -0.000000 ) 
 (  0.388537  0.003485  0.052525  0.011180  0.000000  0.000000 ) 
 (  0.308375  0.091391  0.039246  0.020876  0.000000  0.000000 ) 
 (  0.309965 -0.085845  0.044345 -0.003084  0.000000 -0.000000 ) 
 (  0.418874  0.003757  0.053277  0.011340  0.000000  0.000000 ) 
 (  0.394100  0.003535  0.056626  0.012052  0.000000  0.000000 ) 
     freq (    3) =       2.758541 [THz] =      92.015016 [cm-1]
 ( -0.230215 -0.222472  0.399949  0.381880 -0.000000  0.000000 ) 
 ( -0.242177  0.209388  0.416131 -0.364179 -0.000000 -0.000000 ) 
 (  0.100221  0.002776 -0.173136 -0.003755  0.000000 -0.000000 ) 
 (  0.065993 -0.046996 -0.113499  0.081859  0.000000  0.000000 ) 
 (  0.063290  0.050577 -0.109843 -0.086703  0.000000 -0.000000 ) 
 (  0.110823  0.003070 -0.177601 -0.003852  0.000000 -0.000000 ) 
 (  0.102805  0.002847 -0.191452 -0.004153  0.000000  0.000000 ) 
     freq (    4) =       2.758541 [THz] =      92.015016 [cm-1]
 ( -0.416491 -0.363767 -0.242384 -0.209148 -0.000000  0.000000 ) 
 ( -0.399571  0.382275 -0.229995  0.222700 -0.000000 -0.000000 ) 
 (  0.173132 -0.003927  0.100218 -0.002875  0.000000  0.000000 ) 
 (  0.109757 -0.086812  0.063240 -0.050640  0.000000  0.000000 ) 
 (  0.113580  0.081747  0.066039  0.046931  0.000000 -0.000000 ) 
 (  0.191448 -0.004342  0.102802 -0.002949  0.000000  0.000000 ) 
 (  0.177597 -0.004028  0.110820 -0.003179  0.000000  0.000000 ) 
     freq (    5) =       3.687175 [THz] =     122.990929 [cm-1]
 (  0.000000 -0.000000 -0.000000  0.000000 -0.015328  0.412635 ) 
 (  0.000000  0.000000 -0.000000 -0.000000 -0.015328 -0.412635 ) 
 (  0.000000  0.000000 -0.000000 -0.000000  0.419907  0.000000 ) 
 (  0.000000 -0.000000 -0.000000 -0.000000  0.273742  0.127438 ) 
 (  0.000000  0.000000 -0.000000 -0.000000  0.273742 -0.127438 ) 
 (  0.000000  0.000000 -0.000000 -0.000000  0.387506 -0.000000 ) 
 (  0.000000 -0.000000 -0.000000 -0.000000  0.387506  0.000000 ) 
     freq (    6) =       3.947304 [THz] =     131.667875 [cm-1]
 (  0.014353 -0.027769 -0.387999  0.089444  0.000000 -0.000000 ) 
 (  0.031223  0.001503 -0.242719 -0.315644  0.000000  0.000000 ) 
 (  0.025737 -0.014833 -0.356174 -0.127738 -0.000000 -0.000000 ) 
 (  0.027863 -0.015191 -0.377178 -0.145427 -0.000000 -0.000000 ) 
 (  0.027113 -0.016492 -0.383632 -0.127430 -0.000000  0.000000 ) 
 (  0.017317 -0.009980 -0.354667 -0.127198 -0.000000 -0.000000 ) 
 (  0.025628 -0.014770 -0.239650 -0.085948 -0.000000  0.000000 ) 
     freq (    7) =       3.947304 [THz] =     131.667875 [cm-1]
 ( -0.343405  0.201534 -0.029506 -0.010320  0.000000  0.000000 ) 
 ( -0.326106 -0.228469 -0.002887 -0.031125  0.000000 -0.000000 ) 
 ( -0.378082 -0.015211 -0.018293 -0.023405  0.000000 -0.000000 ) 
 ( -0.403418 -0.025797 -0.018946 -0.025459  0.000000  0.000000 ) 
 ( -0.404187 -0.006693 -0.020129 -0.024535  0.000000 -0.000000 ) 
 ( -0.254391 -0.010234 -0.018215 -0.023306  0.000000 -0.000000 ) 
 ( -0.376482 -0.015146 -0.012308 -0.015748  0.000000  0.000000 ) 
     freq (    8) =       4.914821 [THz] =     163.940794 [cm-1]
 (  0.000000 -0.000000  0.000000  0.000000  0.291848  0.340538 ) 
 (  0.000000  0.000000  0.000000 -0.000000  0.291848 -0.340538 ) 
 (  0.000000 -0.000000 -0.000000  0.000000 -0.415230  0.000000 ) 
 (  0.000000  0.000000  0.000000  0.000000 -0.192449  0.114387 ) 
 (  0.000000 -0.000000  0.000000  0.000000 -0.192449 -0.114387 ) 
 (  0.000000  0.000000 -0.000000  0.000000 -0.403150 -0.000000 ) 
 (  0.000000 -0.000000 -0.000000 -0.000000 -0.403150  0.000000 ) 
     freq (    9) =       5.484835 [THz] =     182.954388 [cm-1]
 (  0.000000  0.000000 -0.000000 -0.000000 -0.596936  0.222625 ) 
 (  0.000000  0.000000  0.000000 -0.000000 -0.596936 -0.222625 ) 
 (  0.000000 -0.000000 -0.000000 -0.000000 -0.383208 -0.000000 ) 
 (  0.000000 -0.000000 -0.000000 -0.000000 -0.142115  0.010823 ) 
 ( -0.000000 -0.000000 -0.000000 -0.000000 -0.142115 -0.010823 ) 
 (  0.000000  0.000000 -0.000000 -0.000000 -0.019157 -0.000000 ) 
 (  0.000000 -0.000000  0.000000 -0.000000 -0.019157  0.000000 ) 
     freq (   10) =       6.076071 [THz] =     202.675913 [cm-1]
 ( -0.002686 -0.007101 -0.009121 -0.023524 -0.000000  0.000000 ) 
 ( -0.003227  0.006872 -0.010534  0.022926 -0.000000  0.000000 ) 
 ( -0.005583 -0.000216 -0.018559 -0.000564 -0.000000  0.000000 ) 
 (  0.005559  0.203085  0.024104  0.674704 -0.000000  0.000000 ) 
 (  0.021265 -0.202045  0.065063 -0.671992  0.000000 -0.000000 ) 
 ( -0.016960 -0.000658 -0.023535 -0.000716 -0.000000 -0.000000 ) 
 ( -0.007080 -0.000274 -0.056377 -0.001715  0.000000  0.000000 ) 
     freq (   11) =       6.076071 [THz] =     202.675913 [cm-1]
 ( -0.010083 -0.023128  0.003092  0.006934 -0.000000 -0.000000 ) 
 ( -0.009580  0.023341  0.002824 -0.007047 -0.000000  0.000000 ) 
 ( -0.018566  0.000201  0.005586 -0.000107  0.000000  0.000000 ) 
 (  0.051890  0.673137 -0.017304 -0.202422  0.000000 -0.000000 ) 
 (  0.037313 -0.674103 -0.009535  0.202937  0.000000  0.000000 ) 
 ( -0.056400  0.000610  0.007084 -0.000136  0.000000  0.000000 ) 
 ( -0.023544  0.000255  0.016970 -0.000325  0.000000  0.000000 ) 
     freq (   12) =       7.961995 [THz] =     265.583567 [cm-1]
 (  0.003065 -0.000328  0.025483 -0.012443  0.000000  0.000000 ) 
 (  0.001983  0.002361  0.024547  0.014200  0.000000 -0.000000 ) 
 (  0.003880  0.001563  0.038458  0.001350  0.000000  0.000000 ) 
 ( -0.055502 -0.014565 -0.525667  0.048040 -0.000000  0.000000 ) 
 ( -0.050104 -0.027968 -0.521003 -0.084793 -0.000000 -0.000000 ) 
 (  0.064969  0.026166  0.113225  0.003976  0.000000 -0.000000 ) 
 (  0.011424  0.004601  0.643908  0.022611 -0.000000  0.000000 ) 
     freq (   13) =       7.961995 [THz] =     265.583567 [cm-1]
 (  0.023510 -0.015859 -0.001815  0.002492  0.000000 -0.000000 ) 
 (  0.026280  0.010656 -0.003081 -0.000115  0.000000 -0.000000 ) 
 (  0.038273 -0.003999 -0.003763  0.001827 -0.000000 -0.000000 ) 
 ( -0.513916  0.120515  0.048057 -0.031356 -0.000000 -0.000000 ) 
 ( -0.527728 -0.011681  0.054366 -0.018357 -0.000000  0.000000 ) 
 (  0.640817 -0.066954 -0.011080  0.005378  0.000000 -0.000000 ) 
 (  0.112681 -0.011773 -0.063010  0.030583 -0.000000  0.000000 ) 
     freq (   14) =       8.574243 [THz] =     286.005971 [cm-1]
 ( -0.000000  0.000000 -0.000000  0.000000 -0.000000 -0.000000 ) 
 ( -0.000000 -0.000000 -0.000000 -0.000000 -0.000000  0.000000 ) 
 ( -0.000000  0.000000 -0.000000 -0.000000 -0.000000  0.000000 ) 
 (  0.000000 -0.000000  0.000000  0.000000  0.000000  0.000000 ) 
 (  0.000000  0.000000  0.000000  0.000000  0.000000  0.000000 ) 
 ( -0.000000  0.000000 -0.000000 -0.000000  0.707107  0.000000 ) 
 ( -0.000000  0.000000 -0.000000 -0.000000 -0.707107  0.000000 ) 
     freq (   15) =       9.597189 [THz] =     320.127782 [cm-1]
 ( -0.000452  0.000767 -0.001837  0.003291 -0.000000 -0.000000 ) 
 ( -0.000300 -0.000838 -0.001353 -0.003518  0.000000 -0.000000 ) 
 (  0.048568  0.004579  0.206053  0.014635 -0.000000 -0.000000 ) 
 ( -0.095255 -0.005317 -0.403770 -0.013196 -0.000000 -0.000000 ) 
 ( -0.094571 -0.012579 -0.401582 -0.044005 -0.000000  0.000000 ) 
 ( -0.177180 -0.016704  0.100552  0.007142  0.000000  0.000000 ) 
 (  0.023701  0.002234 -0.751701 -0.053390 -0.000000  0.000000 ) 
     freq (   16) =       9.597189 [THz] =     320.127782 [cm-1]
 (  0.001546 -0.003438 -0.000346  0.000820 -0.000000 -0.000000 ) 
 (  0.001652  0.003388 -0.000409 -0.000791 -0.000000  0.000000 ) 
 ( -0.206547  0.003232  0.048747 -0.001890 -0.000000 -0.000000 ) 
 (  0.403400 -0.021758 -0.095121  0.007337 -0.000000  0.000000 ) 
 (  0.403883  0.009125 -0.095404  0.000048 -0.000000 -0.000000 ) 
 (  0.753503 -0.011792  0.023788 -0.000922 -0.000000 -0.000000 ) 
 ( -0.100793  0.001577 -0.177832  0.006893  0.000000  0.000000 ) 
     freq (   17) =      11.082907 [THz] =     369.685979 [cm-1]
 ( -0.000000  0.000000  0.000000 -0.000000  0.048634 -0.014661 ) 
 ( -0.000000 -0.000000  0.000000  0.000000  0.048634  0.014661 ) 
 (  0.000000  0.000000 -0.000000  0.000000 -0.133513 -0.000000 ) 
 ( -0.000000 -0.000000  0.000000 -0.000000 -0.192871  0.061778 ) 
 ( -0.000000  0.000000  0.000000  0.000000 -0.192871 -0.061778 ) 
 ( -0.000000  0.000000 -0.000000 -0.000000  0.668948  0.000000 ) 
 ( -0.000000  0.000000  0.000000 -0.000000  0.668948  0.000000 ) 
     freq (   18) =      14.846564 [THz] =     495.228055 [cm-1]
 ( -0.000000  0.000000 -0.000000 -0.000000  0.008321  0.040447 ) 
 ( -0.000000 -0.000000 -0.000000  0.000000  0.008321 -0.040447 ) 
 ( -0.000000  0.000000 -0.000000 -0.000000  0.041172  0.000000 ) 
 ( -0.000000 -0.000000  0.000000  0.000000 -0.247651 -0.660170 ) 
 ( -0.000000  0.000000  0.000000 -0.000000 -0.247651  0.660170 ) 
 ( -0.000000 -0.000000  0.000000  0.000000  0.017061 -0.000000 ) 
 (  0.000000 -0.000000  0.000000  0.000000  0.017061  0.000000 ) 
     freq (   19) =      16.708514 [THz] =     557.336020 [cm-1]
 (  0.000000  0.000000  0.000000 -0.000000  0.019010 -0.003244 ) 
 (  0.000000 -0.000000  0.000000  0.000000  0.019010  0.003244 ) 
 ( -0.000000 -0.000000  0.000000 -0.000000 -0.133807  0.000000 ) 
 (  0.000000  0.000000 -0.000000  0.000000  0.638850 -0.262786 ) 
 (  0.000000 -0.000000 -0.000000 -0.000000  0.638850  0.262786 ) 
 ( -0.000000 -0.000000 -0.000000 -0.000000  0.116148 -0.000000 ) 
 (  0.000000  0.000000 -0.000000 -0.000000  0.116148  0.000000 ) 
     freq (   20) =      20.289985 [THz] =     676.801043 [cm-1]
 ( -0.001039  0.000863 -0.000321  0.000122  0.000000 -0.000000 ) 
 ( -0.001031 -0.000872 -0.000176 -0.000295  0.000000  0.000000 ) 
 ( -0.136663 -0.000600 -0.032831 -0.011392  0.000000  0.000000 ) 
 (  0.002319  0.000022  0.000556  0.000196 -0.000000  0.000000 ) 
 (  0.002319 -0.000002  0.000558  0.000190 -0.000000 -0.000000 ) 
 ( -0.111599 -0.000490  0.228931  0.079435  0.000000 -0.000000 ) 
 (  0.952944  0.004182 -0.026810 -0.009303 -0.000000  0.000000 ) 
     freq (   21) =      20.289985 [THz] =     676.801043 [cm-1]
 (  0.000254 -0.000231 -0.001239  0.000538 -0.000000  0.000000 ) 
 (  0.000272  0.000209 -0.000746 -0.001126 -0.000000 -0.000000 ) 
 (  0.034722 -0.001444 -0.131034 -0.038822 -0.000000 -0.000000 ) 
 ( -0.000589  0.000022  0.002220  0.000670  0.000000  0.000000 ) 
 ( -0.000589  0.000027  0.002227  0.000647  0.000000 -0.000000 ) 
 (  0.028354 -0.001179  0.913695  0.270706  0.000000  0.000000 ) 
 ( -0.242112  0.010067 -0.107002 -0.031702  0.000000  0.000000 ) 
 **************************************************************************
