Dynamical matrix file
Sr2RuO4                                                                    
  3    7   7   7.3000120   0.0000000   3.2938131   0.0000000   0.0000000   0.0000000
           1  'Sr     '    79860.7445811805     
           2  'Ru     '    92119.6696509919     
           3  'O      '    14582.1964454954     
    1    1      0.0000000000      0.0000000000      1.1602701746
    2    1      0.0000000000      0.0000000000     -1.1602701746
    3    2      0.0000000000      0.0000000000      0.0000000000
    4    3      0.0000000000      0.0000000000      0.5380857149
    5    3      0.0000000000      0.0000000000     -0.5380857149
    6    3      0.0000000000     -0.5000000000      0.0000000000
    7    3      0.5000000000      0.0000000000      0.0000000000

     Dynamical  Matrix in cartesian axes

     q = (    0.000000000   0.000000000   0.000000000 ) 

    1    1
  0.06725538   0.00000000    -0.00000000   0.00000000    -0.00000000   0.00000000
 -0.00000000   0.00000000     0.06725538   0.00000000     0.00000000   0.00000000
 -0.00000000   0.00000000     0.00000000   0.00000000     0.19797853   0.00000000
    1    2
 -0.01268770   0.00000000     0.00000000   0.00000000    -0.00000000   0.00000000
 -0.00000000   0.00000000    -0.01268770   0.00000000     0.00000000   0.00000000
  0.00000000   0.00000000     0.00000000   0.00000000    -0.07036939   0.00000000
    1    3
 -0.03249913   0.00000000     0.00000000   0.00000000     0.00000000   0.00000000
  0.00000000   0.00000000    -0.03249913   0.00000000    -0.00000000   0.00000000
  0.00000000   0.00000000    -0.00000000   0.00000000    -0.04997065   0.00000000
    1    4
 -0.00661504   0.00000000     0.00000000   0.00000000     0.00000000   0.00000000
  0.00000000   0.00000000    -0.00661504   0.00000000    -0.00000000   0.00000000
  0.00000000   0.00000000    -0.00000000   0.00000000    -0.03162310   0.00000000
    1    5
 -0.00213072   0.00000000     0.00000000   0.00000000     0.00000000   0.00000000
  0.00000000   0.00000000    -0.00213072   0.00000000    -0.00000000   0.00000000
  0.00000000   0.00000000    -0.00000000   0.00000000    -0.04061258   0.00000000
    1    6
 -0.01233500   0.00000000    -0.00000000   0.00000000    -0.00000000   0.00000000
 -0.00000000   0.00000000    -0.00099013   0.00000000     0.00000000   0.00000000
 -0.00000000   0.00000000     0.00000000   0.00000000    -0.00270951   0.00000000
    1    7
 -0.00099013   0.00000000    -0.00000000   0.00000000    -0.00000000   0.00000000
 -0.00000000   0.00000000    -0.01233500   0.00000000     0.00000000   0.00000000
 -0.00000000   0.00000000     0.00000000   0.00000000    -0.00270951   0.00000000
    2    1
 -0.01268770   0.00000000     0.00000000   0.00000000    -0.00000000   0.00000000
 -0.00000000   0.00000000    -0.01268770   0.00000000     0.00000000   0.00000000
  0.00000000   0.00000000     0.00000000   0.00000000    -0.07036939   0.00000000
    2    2
  0.06725538   0.00000000    -0.00000000   0.00000000    -0.00000000   0.00000000
 -0.00000000   0.00000000     0.06725538   0.00000000     0.00000000   0.00000000
 -0.00000000   0.00000000     0.00000000   0.00000000     0.19797853   0.00000000
    2    3
 -0.03249913   0.00000000     0.00000000   0.00000000     0.00000000   0.00000000
  0.00000000   0.00000000    -0.03249913   0.00000000    -0.00000000   0.00000000
  0.00000000   0.00000000    -0.00000000   0.00000000    -0.04997065   0.00000000
    2    4
 -0.00213072   0.00000000     0.00000000   0.00000000     0.00000000   0.00000000
  0.00000000   0.00000000    -0.00213072   0.00000000    -0.00000000   0.00000000
  0.00000000   0.00000000    -0.00000000   0.00000000    -0.04061258   0.00000000
    2    5
 -0.00661504   0.00000000     0.00000000   0.00000000     0.00000000   0.00000000
  0.00000000   0.00000000    -0.00661504   0.00000000    -0.00000000   0.00000000
  0.00000000   0.00000000    -0.00000000   0.00000000    -0.03162310   0.00000000
    2    6
 -0.01233500   0.00000000    -0.00000000   0.00000000    -0.00000000   0.00000000
 -0.00000000   0.00000000    -0.00099013   0.00000000     0.00000000   0.00000000
 -0.00000000   0.00000000     0.00000000   0.00000000    -0.00270951   0.00000000
    2    7
 -0.00099013   0.00000000    -0.00000000   0.00000000    -0.00000000   0.00000000
 -0.00000000   0.00000000    -0.01233500   0.00000000     0.00000000   0.00000000
 -0.00000000   0.00000000     0.00000000   0.00000000    -0.00270951   0.00000000
    3    1
 -0.03249913   0.00000000     0.00000000   0.00000000     0.00000000   0.00000000
  0.00000000   0.00000000    -0.03249913   0.00000000    -0.00000000   0.00000000
  0.00000000   0.00000000    -0.00000000   0.00000000    -0.04997065   0.00000000
    3    2
 -0.03249913   0.00000000     0.00000000   0.00000000     0.00000000   0.00000000
  0.00000000   0.00000000    -0.03249913   0.00000000    -0.00000000   0.00000000
  0.00000000   0.00000000    -0.00000000   0.00000000    -0.04997065   0.00000000
    3    3
  0.63218583   0.00000000    -0.00000000   0.00000000    -0.00000000   0.00000000
 -0.00000000   0.00000000     0.63218583   0.00000000     0.00000000   0.00000000
 -0.00000000   0.00000000     0.00000000   0.00000000     0.42006366   0.00000000
    3    4
 -0.06130542   0.00000000     0.00000000   0.00000000     0.00000000   0.00000000
  0.00000000   0.00000000    -0.06130542   0.00000000     0.00000000   0.00000000
  0.00000000   0.00000000     0.00000000   0.00000000    -0.08961250   0.00000000
    3    5
 -0.06130542   0.00000000     0.00000000   0.00000000     0.00000000   0.00000000
  0.00000000   0.00000000    -0.06130542   0.00000000     0.00000000   0.00000000
  0.00000000   0.00000000     0.00000000   0.00000000    -0.08961250   0.00000000
    3    6
 -0.03044238   0.00000000    -0.00000000   0.00000000     0.00000000   0.00000000
  0.00000000   0.00000000    -0.41413384   0.00000000    -0.00000000   0.00000000
 -0.00000000   0.00000000     0.00000000   0.00000000    -0.07044509   0.00000000
    3    7
 -0.41413384   0.00000000     0.00000000   0.00000000     0.00000000   0.00000000
  0.00000000   0.00000000    -0.03044238   0.00000000    -0.00000000   0.00000000
 -0.00000000   0.00000000     0.00000000   0.00000000    -0.07044509   0.00000000
    4    1
 -0.00661504   0.00000000     0.00000000   0.00000000     0.00000000   0.00000000
  0.00000000   0.00000000    -0.00661504   0.00000000    -0.00000000   0.00000000
  0.00000000   0.00000000    -0.00000000   0.00000000    -0.03162310   0.00000000
    4    2
 -0.00213072   0.00000000     0.00000000   0.00000000     0.00000000   0.00000000
  0.00000000   0.00000000    -0.00213072   0.00000000    -0.00000000   0.00000000
  0.00000000   0.00000000    -0.00000000   0.00000000    -0.04061258   0.00000000
    4    3
 -0.06130542   0.00000000     0.00000000   0.00000000     0.00000000   0.00000000
 -0.00000000   0.00000000    -0.06130542   0.00000000     0.00000000   0.00000000
  0.00000000   0.00000000     0.00000000   0.00000000    -0.08961250   0.00000000
    4    4
  0.06722127   0.00000000     0.00000000   0.00000000    -0.00000000   0.00000000
  0.00000000   0.00000000     0.06722127   0.00000000    -0.00000000   0.00000000
 -0.00000000   0.00000000    -0.00000000   0.00000000     0.28696338   0.00000000
    4    5
  0.00502088   0.00000000    -0.00000000   0.00000000    -0.00000000   0.00000000
 -0.00000000   0.00000000     0.00502088   0.00000000     0.00000000   0.00000000
 -0.00000000   0.00000000     0.00000000   0.00000000    -0.07213873   0.00000000
    4    6
  0.00495259   0.00000000     0.00000000   0.00000000     0.00000000   0.00000000
  0.00000000   0.00000000    -0.00714642   0.00000000    -0.00000000   0.00000000
  0.00000000   0.00000000    -0.00000000   0.00000000    -0.02656164   0.00000000
    4    7
 -0.00714642   0.00000000     0.00000000   0.00000000     0.00000000   0.00000000
  0.00000000   0.00000000     0.00495259   0.00000000    -0.00000000   0.00000000
  0.00000000   0.00000000    -0.00000000   0.00000000    -0.02656164   0.00000000
    5    1
 -0.00213072   0.00000000     0.00000000   0.00000000     0.00000000   0.00000000
  0.00000000   0.00000000    -0.00213072   0.00000000    -0.00000000   0.00000000
  0.00000000   0.00000000    -0.00000000   0.00000000    -0.04061258   0.00000000
    5    2
 -0.00661504   0.00000000     0.00000000   0.00000000     0.00000000   0.00000000
  0.00000000   0.00000000    -0.00661504   0.00000000    -0.00000000   0.00000000
  0.00000000   0.00000000    -0.00000000   0.00000000    -0.03162310   0.00000000
    5    3
 -0.06130542   0.00000000     0.00000000   0.00000000     0.00000000   0.00000000
 -0.00000000   0.00000000    -0.06130542   0.00000000     0.00000000   0.00000000
  0.00000000   0.00000000     0.00000000   0.00000000    -0.08961250   0.00000000
    5    4
  0.00502088   0.00000000    -0.00000000   0.00000000    -0.00000000   0.00000000
 -0.00000000   0.00000000     0.00502088   0.00000000     0.00000000   0.00000000
 -0.00000000   0.00000000     0.00000000   0.00000000    -0.07213873   0.00000000
    5    5
  0.06722127   0.00000000     0.00000000   0.00000000    -0.00000000   0.00000000
  0.00000000   0.00000000     0.06722127   0.00000000    -0.00000000   0.00000000
 -0.00000000   0.00000000    -0.00000000   0.00000000     0.28696338   0.00000000
    5    6
  0.00495259   0.00000000     0.00000000   0.00000000     0.00000000   0.00000000
  0.00000000   0.00000000    -0.00714642   0.00000000    -0.00000000   0.00000000
  0.00000000   0.00000000    -0.00000000   0.00000000    -0.02656164   0.00000000
    5    7
 -0.00714642   0.00000000     0.00000000   0.00000000     0.00000000   0.00000000
  0.00000000   0.00000000     0.00495259   0.00000000    -0.00000000   0.00000000
  0.00000000   0.00000000    -0.00000000   0.00000000    -0.02656164   0.00000000
    6    1
 -0.01233500   0.00000000    -0.00000000   0.00000000    -0.00000000   0.00000000
 -0.00000000   0.00000000    -0.00099013   0.00000000     0.00000000   0.00000000
 -0.00000000   0.00000000     0.00000000   0.00000000    -0.00270951   0.00000000
    6    2
 -0.01233500   0.00000000    -0.00000000   0.00000000    -0.00000000   0.00000000
 -0.00000000   0.00000000    -0.00099013   0.00000000     0.00000000   0.00000000
 -0.00000000   0.00000000     0.00000000   0.00000000    -0.00270951   0.00000000
    6    3
 -0.03044238   0.00000000    -0.00000000   0.00000000    -0.00000000   0.00000000
 -0.00000000   0.00000000    -0.41413384   0.00000000     0.00000000   0.00000000
 -0.00000000   0.00000000     0.00000000   0.00000000    -0.07044509   0.00000000
    6    4
  0.00495259   0.00000000     0.00000000   0.00000000     0.00000000   0.00000000
  0.00000000   0.00000000    -0.00714642   0.00000000    -0.00000000   0.00000000
  0.00000000   0.00000000    -0.00000000   0.00000000    -0.02656164   0.00000000
    6    5
  0.00495259   0.00000000     0.00000000   0.00000000     0.00000000   0.00000000
  0.00000000   0.00000000    -0.00714642   0.00000000    -0.00000000   0.00000000
  0.00000000   0.00000000    -0.00000000   0.00000000    -0.02656164   0.00000000
    6    6
  0.10297500   0.00000000     0.00000000   0.00000000     0.00000000   0.00000000
  0.00000000   0.00000000     0.48817653   0.00000000     0.00000000   0.00000000
  0.00000000   0.00000000     0.00000000   0.00000000     0.11439120   0.00000000
    6    7
 -0.05776900   0.00000000     0.00000000   0.00000000     0.00000000   0.00000000
  0.00000000   0.00000000    -0.05776900   0.00000000    -0.00000000   0.00000000
 -0.00000000   0.00000000     0.00000000   0.00000000     0.01472070   0.00000000
    7    1
 -0.00099013   0.00000000    -0.00000000   0.00000000    -0.00000000   0.00000000
 -0.00000000   0.00000000    -0.01233500   0.00000000     0.00000000   0.00000000
 -0.00000000   0.00000000     0.00000000   0.00000000    -0.00270951   0.00000000
    7    2
 -0.00099013   0.00000000    -0.00000000   0.00000000    -0.00000000   0.00000000
 -0.00000000   0.00000000    -0.01233500   0.00000000     0.00000000   0.00000000
 -0.00000000   0.00000000     0.00000000   0.00000000    -0.00270951   0.00000000
    7    3
 -0.41413384   0.00000000    -0.00000000   0.00000000    -0.00000000   0.00000000
 -0.00000000   0.00000000    -0.03044238   0.00000000     0.00000000   0.00000000
 -0.00000000   0.00000000     0.00000000   0.00000000    -0.07044509   0.00000000
    7    4
 -0.00714642   0.00000000     0.00000000   0.00000000     0.00000000   0.00000000
  0.00000000   0.00000000     0.00495259   0.00000000    -0.00000000   0.00000000
  0.00000000   0.00000000    -0.00000000   0.00000000    -0.02656164   0.00000000
    7    5
 -0.00714642   0.00000000     0.00000000   0.00000000     0.00000000   0.00000000
  0.00000000   0.00000000     0.00495259   0.00000000    -0.00000000   0.00000000
  0.00000000   0.00000000    -0.00000000   0.00000000    -0.02656164   0.00000000
    7    6
 -0.05776900   0.00000000     0.00000000   0.00000000     0.00000000   0.00000000
  0.00000000   0.00000000    -0.05776900   0.00000000    -0.00000000   0.00000000
 -0.00000000   0.00000000     0.00000000   0.00000000     0.01472070   0.00000000
    7    7
  0.48817653   0.00000000     0.00000000   0.00000000    -0.00000000   0.00000000
  0.00000000   0.00000000     0.10297500   0.00000000     0.00000000   0.00000000
 -0.00000000   0.00000000    -0.00000000   0.00000000     0.11439120   0.00000000

     Diagonalizing the dynamical matrix

     q = (    0.000000000   0.000000000   0.000000000 ) 

 **************************************************************************
     freq (    1) =      -0.049477 [THz] =      -1.650373 [cm-1]
 (  0.000000  0.000000  0.000000  0.000000  0.378058  0.000000 ) 
 (  0.000000  0.000000  0.000000  0.000000  0.378058  0.000000 ) 
 (  0.000000  0.000000  0.000000  0.000000  0.377951  0.000000 ) 
 (  0.000000  0.000000  0.000000  0.000000  0.378170  0.000000 ) 
 (  0.000000  0.000000  0.000000  0.000000  0.378170  0.000000 ) 
 (  0.000000  0.000000  0.000000  0.000000  0.377672  0.000000 ) 
 (  0.000000  0.000000  0.000000  0.000000  0.377672  0.000000 ) 
     freq (    2) =      -0.019134 [THz] =      -0.638248 [cm-1]
 (  0.348711  0.000000 -0.145790  0.000000 -0.000000  0.000000 ) 
 (  0.348711  0.000000 -0.145790  0.000000 -0.000000  0.000000 ) 
 (  0.348711  0.000000 -0.145791  0.000000 -0.000000  0.000000 ) 
 (  0.348723  0.000000 -0.145795  0.000000 -0.000000  0.000000 ) 
 (  0.348723  0.000000 -0.145795  0.000000 -0.000000  0.000000 ) 
 (  0.348712  0.000000 -0.145790  0.000000 -0.000000  0.000000 ) 
 (  0.348711  0.000000 -0.145791  0.000000 -0.000000  0.000000 ) 
     freq (    3) =      -0.019134 [THz] =      -0.638248 [cm-1]
 ( -0.145790  0.000000 -0.348711  0.000000  0.000000  0.000000 ) 
 ( -0.145790  0.000000 -0.348711  0.000000  0.000000  0.000000 ) 
 ( -0.145791  0.000000 -0.348711  0.000000  0.000000  0.000000 ) 
 ( -0.145795  0.000000 -0.348723  0.000000  0.000000  0.000000 ) 
 ( -0.145795  0.000000 -0.348723  0.000000  0.000000  0.000000 ) 
 ( -0.145791  0.000000 -0.348711  0.000000  0.000000  0.000000 ) 
 ( -0.145790  0.000000 -0.348712  0.000000  0.000000  0.000000 ) 
     freq (    4) =       3.282843 [THz] =     109.503871 [cm-1]
 ( -0.665788  0.000000 -0.228786  0.000000  0.000000  0.000000 ) 
 (  0.665788  0.000000  0.228786  0.000000 -0.000000  0.000000 ) 
 (  0.000000  0.000000 -0.000000  0.000000  0.000000  0.000000 ) 
 ( -0.062617  0.000000 -0.021517  0.000000 -0.000000  0.000000 ) 
 (  0.062617  0.000000  0.021517  0.000000  0.000000  0.000000 ) 
 (  0.000000  0.000000 -0.000000  0.000000 -0.000000  0.000000 ) 
 (  0.000000  0.000000 -0.000000  0.000000 -0.000000  0.000000 ) 
     freq (    5) =       3.282843 [THz] =     109.503871 [cm-1]
 (  0.228786  0.000000 -0.665788  0.000000 -0.000000  0.000000 ) 
 ( -0.228786  0.000000  0.665788  0.000000  0.000000  0.000000 ) 
 ( -0.000000  0.000000 -0.000000  0.000000 -0.000000  0.000000 ) 
 (  0.021517  0.000000 -0.062617  0.000000 -0.000000  0.000000 ) 
 ( -0.021517  0.000000  0.062617  0.000000  0.000000  0.000000 ) 
 ( -0.000000  0.000000 -0.000000  0.000000 -0.000000  0.000000 ) 
 ( -0.000000  0.000000 -0.000000  0.000000  0.000000  0.000000 ) 
     freq (    6) =       3.855916 [THz] =     128.619503 [cm-1]
 ( -0.237328  0.000000  0.274478  0.000000  0.000000  0.000000 ) 
 ( -0.237328  0.000000  0.274478  0.000000 -0.000000  0.000000 ) 
 (  0.256059  0.000000 -0.296141  0.000000 -0.000000  0.000000 ) 
 (  0.279899  0.000000 -0.323714  0.000000 -0.000000  0.000000 ) 
 (  0.279899  0.000000 -0.323714  0.000000 -0.000000  0.000000 ) 
 (  0.167370  0.000000 -0.294584  0.000000 -0.000000  0.000000 ) 
 (  0.254712  0.000000 -0.193570  0.000000 -0.000000  0.000000 ) 
     freq (    7) =       3.855916 [THz] =     128.619503 [cm-1]
 ( -0.274478  0.000000 -0.237328  0.000000 -0.000000  0.000000 ) 
 ( -0.274478  0.000000 -0.237328  0.000000 -0.000000  0.000000 ) 
 (  0.296141  0.000000  0.256059  0.000000 -0.000000  0.000000 ) 
 (  0.323714  0.000000  0.279899  0.000000 -0.000000  0.000000 ) 
 (  0.323714  0.000000  0.279899  0.000000 -0.000000  0.000000 ) 
 (  0.193570  0.000000  0.254712  0.000000  0.000000  0.000000 ) 
 (  0.294584  0.000000  0.167370  0.000000  0.000000  0.000000 ) 
     freq (    8) =       5.624685 [THz] =     187.619301 [cm-1]
 (  0.000000  0.000000  0.000000  0.000000 -0.376770  0.000000 ) 
 (  0.000000  0.000000  0.000000  0.000000 -0.376770  0.000000 ) 
 ( -0.000000  0.000000 -0.000000  0.000000  0.438672  0.000000 ) 
 ( -0.000000  0.000000 -0.000000  0.000000  0.213669  0.000000 ) 
 ( -0.000000  0.000000 -0.000000  0.000000  0.213669  0.000000 ) 
 (  0.000000  0.000000 -0.000000  0.000000  0.464944  0.000000 ) 
 ( -0.000000  0.000000  0.000000  0.000000  0.464944  0.000000 ) 
     freq (    9) =       6.027629 [THz] =     201.060073 [cm-1]
 (  0.000000  0.000000 -0.000000  0.000000  0.706810  0.000000 ) 
 ( -0.000000  0.000000 -0.000000  0.000000 -0.706810  0.000000 ) 
 ( -0.000000  0.000000  0.000000  0.000000  0.000000  0.000000 ) 
 ( -0.000000  0.000000  0.000000  0.000000 -0.020486  0.000000 ) 
 ( -0.000000  0.000000  0.000000  0.000000  0.020486  0.000000 ) 
 ( -0.000000  0.000000  0.000000  0.000000  0.000000  0.000000 ) 
 ( -0.000000  0.000000  0.000000  0.000000  0.000000  0.000000 ) 
     freq (   10) =       6.798745 [THz] =     226.781736 [cm-1]
 ( -0.012139  0.000000 -0.000261  0.000000  0.000000  0.000000 ) 
 (  0.012139  0.000000  0.000261  0.000000 -0.000000  0.000000 ) 
 ( -0.000000  0.000000  0.000000  0.000000 -0.000000  0.000000 ) 
 (  0.706840  0.000000  0.015180  0.000000  0.000000  0.000000 ) 
 ( -0.706840  0.000000 -0.015180  0.000000 -0.000000  0.000000 ) 
 ( -0.000000  0.000000  0.000000  0.000000  0.000000  0.000000 ) 
 ( -0.000000  0.000000  0.000000  0.000000 -0.000000  0.000000 ) 
     freq (   11) =       6.798745 [THz] =     226.781736 [cm-1]
 ( -0.000261  0.000000  0.012139  0.000000 -0.000000  0.000000 ) 
 (  0.000261  0.000000 -0.012139  0.000000  0.000000  0.000000 ) 
 ( -0.000000  0.000000 -0.000000  0.000000  0.000000  0.000000 ) 
 (  0.015180  0.000000 -0.706840  0.000000  0.000000  0.000000 ) 
 ( -0.015180  0.000000  0.706840  0.000000 -0.000000  0.000000 ) 
 ( -0.000000  0.000000 -0.000000  0.000000 -0.000000  0.000000 ) 
 ( -0.000000  0.000000 -0.000000  0.000000  0.000000  0.000000 ) 
     freq (   12) =       7.566698 [THz] =     252.397878 [cm-1]
 (  0.013610  0.000000 -0.006121  0.000000 -0.000000  0.000000 ) 
 (  0.013610  0.000000 -0.006121  0.000000 -0.000000  0.000000 ) 
 ( -0.071396  0.000000  0.032109  0.000000  0.000000  0.000000 ) 
 (  0.497531  0.000000 -0.223757  0.000000  0.000000  0.000000 ) 
 (  0.497531  0.000000 -0.223757  0.000000  0.000000  0.000000 ) 
 ( -0.559881  0.000000  0.059930  0.000000 -0.000000  0.000000 ) 
 ( -0.133256  0.000000  0.251797  0.000000  0.000000  0.000000 ) 
     freq (   13) =       7.566698 [THz] =     252.397878 [cm-1]
 (  0.006121  0.000000  0.013610  0.000000 -0.000000  0.000000 ) 
 (  0.006121  0.000000  0.013610  0.000000 -0.000000  0.000000 ) 
 ( -0.032109  0.000000 -0.071396  0.000000  0.000000  0.000000 ) 
 (  0.223757  0.000000  0.497531  0.000000  0.000000  0.000000 ) 
 (  0.223757  0.000000  0.497531  0.000000  0.000000  0.000000 ) 
 ( -0.251797  0.000000 -0.133256  0.000000  0.000000  0.000000 ) 
 ( -0.059930  0.000000 -0.559881  0.000000 -0.000000  0.000000 ) 
     freq (   14) =       8.600959 [THz] =     286.897124 [cm-1]
 (  0.000000  0.000000 -0.000000  0.000000  0.000000  0.000000 ) 
 (  0.000000  0.000000 -0.000000  0.000000  0.000000  0.000000 ) 
 (  0.000000  0.000000 -0.000000  0.000000 -0.000000  0.000000 ) 
 ( -0.000000  0.000000  0.000000  0.000000 -0.000000  0.000000 ) 
 ( -0.000000  0.000000  0.000000  0.000000 -0.000000  0.000000 ) 
 ( -0.000000  0.000000 -0.000000  0.000000 -0.707107  0.000000 ) 
 (  0.000000  0.000000  0.000000  0.000000  0.707107  0.000000 ) 
     freq (   15) =       9.514616 [THz] =     317.373431 [cm-1]
 (  0.005662  0.000000  0.008742  0.000000  0.000000  0.000000 ) 
 (  0.005662  0.000000  0.008742  0.000000 -0.000000  0.000000 ) 
 (  0.115216  0.000000  0.177897  0.000000  0.000000  0.000000 ) 
 ( -0.195342  0.000000 -0.301613  0.000000 -0.000000  0.000000 ) 
 ( -0.195342  0.000000 -0.301613  0.000000 -0.000000  0.000000 ) 
 ( -0.450764  0.000000  0.079663  0.000000 -0.000000  0.000000 ) 
 (  0.051594  0.000000 -0.695993  0.000000 -0.000000  0.000000 ) 
     freq (   16) =       9.514616 [THz] =     317.373431 [cm-1]
 (  0.008742  0.000000 -0.005662  0.000000 -0.000000  0.000000 ) 
 (  0.008742  0.000000 -0.005662  0.000000  0.000000  0.000000 ) 
 (  0.177897  0.000000 -0.115216  0.000000  0.000000  0.000000 ) 
 ( -0.301613  0.000000  0.195342  0.000000 -0.000000  0.000000 ) 
 ( -0.301613  0.000000  0.195342  0.000000 -0.000000  0.000000 ) 
 ( -0.695993  0.000000 -0.051594  0.000000  0.000000  0.000000 ) 
 (  0.079663  0.000000  0.450764  0.000000 -0.000000  0.000000 ) 
     freq (   17) =      10.296132 [THz] =     343.442006 [cm-1]
 (  0.000000  0.000000  0.000000  0.000000 -0.004491  0.000000 ) 
 (  0.000000  0.000000  0.000000  0.000000 -0.004491  0.000000 ) 
 (  0.000000  0.000000  0.000000  0.000000 -0.254942  0.000000 ) 
 ( -0.000000  0.000000 -0.000000  0.000000  0.167331  0.000000 ) 
 ( -0.000000  0.000000 -0.000000  0.000000  0.167331  0.000000 ) 
 ( -0.000000  0.000000  0.000000  0.000000  0.662935  0.000000 ) 
 (  0.000000  0.000000 -0.000000  0.000000  0.662935  0.000000 ) 
     freq (   18) =      13.574807 [THz] =     452.806834 [cm-1]
 (  0.000000  0.000000  0.000000  0.000000  0.034695  0.000000 ) 
 (  0.000000  0.000000  0.000000  0.000000  0.034695  0.000000 ) 
 ( -0.000000  0.000000  0.000000  0.000000  0.068906  0.000000 ) 
 (  0.000000  0.000000 -0.000000  0.000000 -0.658291  0.000000 ) 
 (  0.000000  0.000000 -0.000000  0.000000 -0.658291  0.000000 ) 
 ( -0.000000  0.000000  0.000000  0.000000  0.251147  0.000000 ) 
 (  0.000000  0.000000 -0.000000  0.000000  0.251147  0.000000 ) 
     freq (   19) =      16.326809 [THz] =     544.603723 [cm-1]
 (  0.000000  0.000000  0.000000  0.000000  0.003742  0.000000 ) 
 (  0.000000  0.000000  0.000000  0.000000 -0.003742  0.000000 ) 
 (  0.000000  0.000000 -0.000000  0.000000  0.000000  0.000000 ) 
 ( -0.000000  0.000000  0.000000  0.000000  0.707097  0.000000 ) 
 ( -0.000000  0.000000 -0.000000  0.000000 -0.707097  0.000000 ) 
 ( -0.000000  0.000000  0.000000  0.000000  0.000000  0.000000 ) 
 (  0.000000  0.000000 -0.000000  0.000000  0.000000  0.000000 ) 
     freq (   20) =      20.282935 [THz] =     676.565873 [cm-1]
 (  0.000473  0.000000  0.001616  0.000000  0.000000  0.000000 ) 
 (  0.000473  0.000000  0.001616  0.000000 -0.000000  0.000000 ) 
 ( -0.039561  0.000000 -0.135119  0.000000 -0.000000  0.000000 ) 
 (  0.000591  0.000000  0.002019  0.000000 -0.000000  0.000000 ) 
 (  0.000591  0.000000  0.002019  0.000000  0.000000  0.000000 ) 
 ( -0.032706  0.000000  0.943555  0.000000 -0.000000  0.000000 ) 
 (  0.276260  0.000000 -0.111707  0.000000 -0.000000  0.000000 ) 
     freq (   21) =      20.282935 [THz] =     676.565873 [cm-1]
 (  0.001616  0.000000 -0.000473  0.000000 -0.000000  0.000000 ) 
 (  0.001616  0.000000 -0.000473  0.000000  0.000000  0.000000 ) 
 ( -0.135119  0.000000  0.039561  0.000000 -0.000000  0.000000 ) 
 (  0.002019  0.000000 -0.000591  0.000000  0.000000  0.000000 ) 
 (  0.002019  0.000000 -0.000591  0.000000  0.000000  0.000000 ) 
 ( -0.111707  0.000000 -0.276260  0.000000  0.000000  0.000000 ) 
 (  0.943555  0.000000  0.032706  0.000000 -0.000000  0.000000 ) 
 **************************************************************************
