Dynamical matrix file
Sr2RuO4                                                                    
  3    7   7   7.3000120   0.0000000   3.2938131   0.0000000   0.0000000   0.0000000
           1  'Sr     '    79860.7445811805     
           2  'Ru     '    92119.6696509919     
           3  'O      '    14582.1964454954     
    1    1      0.0000000000      0.0000000000      1.1602701746
    2    1      0.0000000000      0.0000000000     -1.1602701746
    3    2      0.0000000000      0.0000000000      0.0000000000
    4    3      0.0000000000      0.0000000000      0.5380857149
    5    3      0.0000000000      0.0000000000     -0.5380857149
    6    3      0.0000000000     -0.5000000000      0.0000000000
    7    3      0.5000000000      0.0000000000      0.0000000000

     Dynamical  Matrix in cartesian axes

     q = (    0.400000000   0.000000000   0.000000000 ) 

    1    1
  0.15617086   0.00000000     0.00000000   0.00000000     0.00000000  -0.00537964
  0.00000000   0.00000000     0.06254682   0.00000000    -0.00000000   0.00000000
  0.00000000   0.00537964     0.00000000   0.00000000     0.18171629   0.00000000
    1    2
  0.00511852   0.00000000     0.00000000   0.00000000     0.00000000   0.04773397
 -0.00000000  -0.00000000    -0.00271874   0.00000000     0.00000000  -0.00000000
 -0.00000000   0.04773397     0.00000000   0.00000000    -0.03335863   0.00000000
    1    3
 -0.00139097   0.00000000     0.00000000   0.00000000     0.00000000  -0.08392108
 -0.00000000   0.00000000    -0.01060939   0.00000000    -0.00000000   0.00000000
  0.00000000  -0.07968540    -0.00000000   0.00000000    -0.03109657   0.00000000
    1    4
 -0.02416791   0.00000000     0.00000000   0.00000000     0.00000000   0.00272873
  0.00000000   0.00000000    -0.00654129   0.00000000    -0.00000000   0.00000000
  0.00000000  -0.00111592    -0.00000000   0.00000000    -0.04223341   0.00000000
    1    5
 -0.00875060   0.00000000    -0.00000000   0.00000000    -0.00000000   0.03125811
  0.00000000   0.00000000    -0.00051715   0.00000000     0.00000000  -0.00000000
  0.00000000  -0.00957978     0.00000000   0.00000000    -0.00686190  -0.00000000
    1    6
 -0.00825328   0.00000000     0.00000000   0.00000000    -0.00000000   0.00333993
  0.00000000  -0.00000000    -0.00023713   0.00000000     0.00000000   0.00000000
 -0.00000000   0.00556178     0.00000000   0.00000000     0.00248740   0.00000000
    1    7
  0.00170926  -0.00526056    -0.00000000   0.00000000     0.00278933   0.00090631
  0.00000000   0.00000000    -0.00448119   0.01379170     0.00000000   0.00000000
  0.00205181   0.00066667     0.00000000  -0.00000000    -0.00249166   0.00766855
    2    1
  0.00511852   0.00000000     0.00000000   0.00000000     0.00000000  -0.04773397
 -0.00000000   0.00000000    -0.00271874  -0.00000000     0.00000000   0.00000000
 -0.00000000  -0.04773397     0.00000000  -0.00000000    -0.03335863   0.00000000
    2    2
  0.15617086  -0.00000000     0.00000000   0.00000000     0.00000000   0.00537964
  0.00000000   0.00000000     0.06254682  -0.00000000    -0.00000000   0.00000000
  0.00000000  -0.00537964     0.00000000   0.00000000     0.18171629  -0.00000000
    2    3
 -0.00139097   0.00000000     0.00000000   0.00000000     0.00000000   0.08392108
 -0.00000000  -0.00000000    -0.01060939   0.00000000    -0.00000000  -0.00000000
  0.00000000   0.07968540    -0.00000000   0.00000000    -0.03109657   0.00000000
    2    4
 -0.00875060   0.00000000    -0.00000000   0.00000000    -0.00000000  -0.03125811
  0.00000000   0.00000000    -0.00051715   0.00000000     0.00000000   0.00000000
  0.00000000   0.00957978     0.00000000   0.00000000    -0.00686190   0.00000000
    2    5
 -0.02416791   0.00000000     0.00000000   0.00000000     0.00000000  -0.00272873
  0.00000000   0.00000000    -0.00654129   0.00000000    -0.00000000   0.00000000
  0.00000000   0.00111592    -0.00000000   0.00000000    -0.04223341   0.00000000
    2    6
 -0.00825328  -0.00000000     0.00000000   0.00000000    -0.00000000  -0.00333993
  0.00000000   0.00000000    -0.00023713   0.00000000     0.00000000  -0.00000000
 -0.00000000  -0.00556178     0.00000000   0.00000000     0.00248740   0.00000000
    2    7
  0.00170926  -0.00526056     0.00000000   0.00000000    -0.00278933  -0.00090631
  0.00000000   0.00000000    -0.00448119   0.01379170    -0.00000000   0.00000000
 -0.00205181  -0.00066667    -0.00000000   0.00000000    -0.00249166   0.00766855
    3    1
 -0.00139097   0.00000000     0.00000000   0.00000000     0.00000000   0.07968540
  0.00000000   0.00000000    -0.01060939   0.00000000    -0.00000000   0.00000000
  0.00000000   0.08392108    -0.00000000   0.00000000    -0.03109657   0.00000000
    3    2
 -0.00139097   0.00000000     0.00000000   0.00000000     0.00000000  -0.07968540
  0.00000000  -0.00000000    -0.01060939   0.00000000    -0.00000000  -0.00000000
  0.00000000  -0.08392108    -0.00000000   0.00000000    -0.03109657   0.00000000
    3    3
  0.73929624   0.00000000     0.00000000   0.00000000    -0.00000000   0.00000000
  0.00000000   0.00000000     0.69764145   0.00000000     0.00000000   0.00000000
  0.00000000   0.00000000     0.00000000   0.00000000     0.44277142   0.00000000
    3    4
 -0.07481348   0.00000000     0.00000000   0.00000000     0.00000000  -0.00779853
  0.00000000   0.00000000    -0.06100404   0.00000000    -0.00000000   0.00000000
  0.00000000  -0.00458032    -0.00000000   0.00000000    -0.09991036   0.00000000
    3    5
 -0.07481348   0.00000000     0.00000000   0.00000000     0.00000000   0.00779853
  0.00000000   0.00000000    -0.06100404   0.00000000    -0.00000000   0.00000000
  0.00000000   0.00458032    -0.00000000   0.00000000    -0.09991036  -0.00000000
    3    6
 -0.06852940   0.00000000     0.00000000   0.00000000     0.00000000   0.00000000
  0.00000000   0.00000000    -0.42031081   0.00000000    -0.00000000   0.00000000
  0.00000000   0.00000000    -0.00000000   0.00000000    -0.06337511   0.00000000
    3    7
 -0.06911799   0.21272331     0.00000000   0.00000000     0.00000000   0.00000000
  0.00000000   0.00000000    -0.00519883   0.01600036    -0.00000000   0.00000000
 -0.00000000   0.00000000    -0.00000000   0.00000000    -0.01192397   0.03669821
    4    1
 -0.02416791   0.00000000     0.00000000   0.00000000     0.00000000   0.00111592
  0.00000000   0.00000000    -0.00654129  -0.00000000     0.00000000  -0.00000000
  0.00000000  -0.00272873     0.00000000   0.00000000    -0.04223341  -0.00000000
    4    2
 -0.00875060   0.00000000     0.00000000   0.00000000     0.00000000  -0.00957978
  0.00000000   0.00000000    -0.00051715  -0.00000000     0.00000000  -0.00000000
  0.00000000   0.03125811    -0.00000000  -0.00000000    -0.00686190  -0.00000000
    4    3
 -0.07481348  -0.00000000     0.00000000   0.00000000     0.00000000   0.00458032
 -0.00000000   0.00000000    -0.06100404   0.00000000     0.00000000  -0.00000000
  0.00000000   0.00779853    -0.00000000   0.00000000    -0.09991036   0.00000000
    4    4
  0.11765846   0.00000000     0.00000000   0.00000000     0.00000000   0.00151098
  0.00000000   0.00000000     0.07734229   0.00000000    -0.00000000   0.00000000
  0.00000000  -0.00151098     0.00000000   0.00000000     0.27531267   0.00000000
    4    5
  0.01367861   0.00000000    -0.00000000   0.00000000    -0.00000000  -0.03014669
  0.00000000  -0.00000000     0.00968745   0.00000000     0.00000000   0.00000000
 -0.00000000  -0.03014669     0.00000000   0.00000000    -0.04059046   0.00000000
    4    6
  0.01640940   0.00000000     0.00000000   0.00000000    -0.00000000   0.00106498
 -0.00000000   0.00000000    -0.00689829  -0.00000000     0.00000000  -0.00000000
  0.00000000  -0.01106743     0.00000000  -0.00000000    -0.02180812   0.00000000
    4    7
 -0.00007541   0.00023209     0.00000000   0.00000000     0.04423620   0.01437321
 -0.00000000   0.00000000     0.00060350  -0.00185737     0.00000000   0.00000000
 -0.00576026  -0.00187162     0.00000000   0.00000000    -0.00355117   0.01092938
    5    1
 -0.00875060   0.00000000     0.00000000   0.00000000     0.00000000   0.00957978
  0.00000000   0.00000000    -0.00051715   0.00000000     0.00000000   0.00000000
  0.00000000  -0.03125811    -0.00000000   0.00000000    -0.00686190   0.00000000
    5    2
 -0.02416791  -0.00000000     0.00000000  -0.00000000     0.00000000  -0.00111592
  0.00000000   0.00000000    -0.00654129   0.00000000     0.00000000   0.00000000
  0.00000000   0.00272873     0.00000000   0.00000000    -0.04223341   0.00000000
    5    3
 -0.07481348   0.00000000     0.00000000   0.00000000     0.00000000  -0.00458032
 -0.00000000  -0.00000000    -0.06100404   0.00000000     0.00000000   0.00000000
  0.00000000  -0.00779853    -0.00000000   0.00000000    -0.09991036   0.00000000
    5    4
  0.01367861   0.00000000    -0.00000000   0.00000000    -0.00000000   0.03014669
  0.00000000   0.00000000     0.00968745   0.00000000     0.00000000  -0.00000000
 -0.00000000   0.03014669     0.00000000   0.00000000    -0.04059046   0.00000000
    5    5
  0.11765846  -0.00000000     0.00000000   0.00000000     0.00000000  -0.00151098
  0.00000000   0.00000000     0.07734229  -0.00000000    -0.00000000   0.00000000
  0.00000000   0.00151098     0.00000000   0.00000000     0.27531267  -0.00000000
    5    6
  0.01640940  -0.00000000     0.00000000   0.00000000    -0.00000000  -0.00106498
 -0.00000000   0.00000000    -0.00689829   0.00000000     0.00000000   0.00000000
  0.00000000   0.01106743     0.00000000   0.00000000    -0.02180812   0.00000000
    5    7
 -0.00007541   0.00023209    -0.00000000   0.00000000    -0.04423620  -0.01437321
  0.00000000   0.00000000     0.00060350  -0.00185737     0.00000000   0.00000000
  0.00576026   0.00187162     0.00000000   0.00000000    -0.00355117   0.01092938
    6    1
 -0.00825328   0.00000000     0.00000000   0.00000000    -0.00000000  -0.00556178
  0.00000000   0.00000000    -0.00023713   0.00000000     0.00000000  -0.00000000
  0.00000000  -0.00333993     0.00000000  -0.00000000     0.00248740   0.00000000
    6    2
 -0.00825328   0.00000000     0.00000000  -0.00000000    -0.00000000   0.00556178
  0.00000000   0.00000000    -0.00023713   0.00000000     0.00000000   0.00000000
  0.00000000   0.00333993     0.00000000   0.00000000     0.00248740   0.00000000
    6    3
 -0.06852940   0.00000000     0.00000000   0.00000000     0.00000000   0.00000000
  0.00000000   0.00000000    -0.42031081   0.00000000    -0.00000000   0.00000000
  0.00000000   0.00000000    -0.00000000   0.00000000    -0.06337511   0.00000000
    6    4
  0.01640940   0.00000000    -0.00000000   0.00000000    -0.00000000   0.01106743
 -0.00000000   0.00000000    -0.00689829   0.00000000     0.00000000  -0.00000000
 -0.00000000  -0.00106498     0.00000000   0.00000000    -0.02180812   0.00000000
    6    5
  0.01640940   0.00000000    -0.00000000   0.00000000    -0.00000000  -0.01106743
 -0.00000000   0.00000000    -0.00689829   0.00000000     0.00000000   0.00000000
 -0.00000000   0.00106498     0.00000000   0.00000000    -0.02180812   0.00000000
    6    6
  0.12147363   0.00000000    -0.00000000   0.00000000    -0.00000000   0.00000000
 -0.00000000   0.00000000     0.48519558   0.00000000     0.00000000   0.00000000
 -0.00000000   0.00000000     0.00000000   0.00000000     0.10545767   0.00000000
    6    7
 -0.00433232   0.01333351     0.00000000   0.00000000    -0.00000000   0.00000000
  0.00000000   0.00000000    -0.00575330   0.01770684     0.00000000   0.00000000
 -0.00000000  -0.00000000     0.00000000   0.00000000     0.00109067  -0.00335674
    7    1
  0.00170926   0.00526056    -0.00000000  -0.00000000     0.00205181  -0.00066667
  0.00000000  -0.00000000    -0.00448119  -0.01379170    -0.00000000   0.00000000
  0.00278933  -0.00090631     0.00000000   0.00000000    -0.00249166  -0.00766855
    7    2
  0.00170926   0.00526056    -0.00000000   0.00000000    -0.00205181   0.00066667
 -0.00000000  -0.00000000    -0.00448119  -0.01379170     0.00000000   0.00000000
 -0.00278933   0.00090631     0.00000000   0.00000000    -0.00249166  -0.00766855
    7    3
 -0.06911799  -0.21272331    -0.00000000   0.00000000     0.00000000  -0.00000000
 -0.00000000   0.00000000    -0.00519883  -0.01600036    -0.00000000  -0.00000000
  0.00000000  -0.00000000     0.00000000  -0.00000000    -0.01192397  -0.03669821
    7    4
 -0.00007541  -0.00023209     0.00000000   0.00000000    -0.00576026   0.00187162
 -0.00000000   0.00000000     0.00060350   0.00185737     0.00000000   0.00000000
  0.04423620  -0.01437321     0.00000000   0.00000000    -0.00355117  -0.01092938
    7    5
 -0.00007541  -0.00023209    -0.00000000   0.00000000     0.00576026  -0.00187162
 -0.00000000   0.00000000     0.00060350   0.00185737     0.00000000   0.00000000
 -0.04423620   0.01437321     0.00000000  -0.00000000    -0.00355117  -0.01092938
    7    6
 -0.00433232  -0.01333351     0.00000000   0.00000000     0.00000000   0.00000000
  0.00000000   0.00000000    -0.00575330  -0.01770684    -0.00000000   0.00000000
  0.00000000   0.00000000    -0.00000000  -0.00000000     0.00109067   0.00335674
    7    7
  0.70513984   0.00000000     0.00000000   0.00000000     0.00000000   0.00000000
 -0.00000000   0.00000000     0.08906148   0.00000000    -0.00000000   0.00000000
  0.00000000   0.00000000     0.00000000   0.00000000     0.10423703   0.00000000

     Dynamical  Matrix in cartesian axes

     q = (    0.000000000  -0.400000000   0.000000000 ) 

    1    1
  0.06254682   0.00000000     0.00000000   0.00000000     0.00000000   0.00000000
  0.00000000   0.00000000     0.15617086   0.00000000    -0.00000000   0.00537964
  0.00000000  -0.00000000     0.00000000  -0.00537964     0.18171629  -0.00000000
    1    2
 -0.00271874   0.00000000    -0.00000000  -0.00000000    -0.00000000   0.00000000
  0.00000000   0.00000000     0.00511852   0.00000000    -0.00000000  -0.04773397
  0.00000000  -0.00000000     0.00000000  -0.04773397    -0.03335863   0.00000000
    1    3
 -0.01060939   0.00000000    -0.00000000   0.00000000     0.00000000   0.00000000
  0.00000000   0.00000000    -0.00139097   0.00000000    -0.00000000   0.08392108
  0.00000000   0.00000000    -0.00000000   0.07968540    -0.03109657   0.00000000
    1    4
 -0.00654129   0.00000000     0.00000000   0.00000000     0.00000000  -0.00000000
  0.00000000   0.00000000    -0.02416791   0.00000000    -0.00000000  -0.00272873
  0.00000000   0.00000000    -0.00000000   0.00111592    -0.04223341   0.00000000
    1    5
 -0.00051715   0.00000000     0.00000000   0.00000000     0.00000000   0.00000000
 -0.00000000   0.00000000    -0.00875060   0.00000000     0.00000000  -0.03125811
 -0.00000000   0.00000000     0.00000000   0.00957978    -0.00686190   0.00000000
    1    6
 -0.00448119   0.01379170     0.00000000   0.00000000     0.00000000   0.00000000
 -0.00000000   0.00000000     0.00170926  -0.00526056    -0.00278933  -0.00090631
 -0.00000000   0.00000000    -0.00205181  -0.00066667    -0.00249166   0.00766855
    1    7
 -0.00023713   0.00000000     0.00000000  -0.00000000    -0.00000000   0.00000000
  0.00000000   0.00000000    -0.00825328   0.00000000     0.00000000  -0.00333993
 -0.00000000   0.00000000     0.00000000  -0.00556178     0.00248740   0.00000000
    2    1
 -0.00271874  -0.00000000    -0.00000000   0.00000000    -0.00000000   0.00000000
  0.00000000   0.00000000     0.00511852   0.00000000    -0.00000000   0.04773397
  0.00000000   0.00000000     0.00000000   0.04773397    -0.03335863   0.00000000
    2    2
  0.06254682  -0.00000000     0.00000000   0.00000000     0.00000000  -0.00000000
  0.00000000   0.00000000     0.15617086  -0.00000000    -0.00000000  -0.00537964
  0.00000000   0.00000000     0.00000000   0.00537964     0.18171629   0.00000000
    2    3
 -0.01060939   0.00000000    -0.00000000  -0.00000000     0.00000000   0.00000000
  0.00000000   0.00000000    -0.00139097   0.00000000    -0.00000000  -0.08392108
  0.00000000   0.00000000    -0.00000000  -0.07968540    -0.03109657   0.00000000
    2    4
 -0.00051715   0.00000000     0.00000000   0.00000000     0.00000000  -0.00000000
 -0.00000000   0.00000000    -0.00875060   0.00000000     0.00000000   0.03125811
 -0.00000000   0.00000000     0.00000000  -0.00957978    -0.00686190  -0.00000000
    2    5
 -0.00654129   0.00000000     0.00000000   0.00000000     0.00000000   0.00000000
  0.00000000   0.00000000    -0.02416791   0.00000000    -0.00000000   0.00272873
  0.00000000   0.00000000    -0.00000000  -0.00111592    -0.04223341   0.00000000
    2    6
 -0.00448119   0.01379170     0.00000000   0.00000000     0.00000000   0.00000000
  0.00000000   0.00000000     0.00170926  -0.00526056     0.00278933   0.00090631
  0.00000000   0.00000000     0.00205181   0.00066667    -0.00249166   0.00766855
    2    7
 -0.00023713   0.00000000     0.00000000   0.00000000    -0.00000000   0.00000000
  0.00000000   0.00000000    -0.00825328  -0.00000000     0.00000000   0.00333993
 -0.00000000   0.00000000     0.00000000   0.00556178     0.00248740   0.00000000
    3    1
 -0.01060939   0.00000000     0.00000000   0.00000000     0.00000000   0.00000000
  0.00000000   0.00000000    -0.00139097   0.00000000    -0.00000000  -0.07968540
  0.00000000   0.00000000    -0.00000000  -0.08392108    -0.03109657   0.00000000
    3    2
 -0.01060939   0.00000000     0.00000000  -0.00000000     0.00000000   0.00000000
  0.00000000   0.00000000    -0.00139097   0.00000000    -0.00000000   0.07968540
  0.00000000   0.00000000    -0.00000000   0.08392108    -0.03109657   0.00000000
    3    3
  0.69764145   0.00000000     0.00000000   0.00000000    -0.00000000   0.00000000
  0.00000000   0.00000000     0.73929624   0.00000000     0.00000000   0.00000000
  0.00000000   0.00000000     0.00000000   0.00000000     0.44277142   0.00000000
    3    4
 -0.06100404   0.00000000     0.00000000   0.00000000     0.00000000   0.00000000
  0.00000000   0.00000000    -0.07481348   0.00000000    -0.00000000   0.00779853
  0.00000000   0.00000000    -0.00000000   0.00458032    -0.09991036  -0.00000000
    3    5
 -0.06100404   0.00000000     0.00000000   0.00000000     0.00000000   0.00000000
  0.00000000   0.00000000    -0.07481348   0.00000000    -0.00000000  -0.00779853
  0.00000000   0.00000000    -0.00000000  -0.00458032    -0.09991036   0.00000000
    3    6
 -0.00519883   0.01600036     0.00000000   0.00000000     0.00000000   0.00000000
  0.00000000   0.00000000    -0.06911799   0.21272331    -0.00000000   0.00000000
  0.00000000   0.00000000     0.00000000   0.00000000    -0.01192397   0.03669821
    3    7
 -0.42031081   0.00000000     0.00000000   0.00000000     0.00000000   0.00000000
  0.00000000   0.00000000    -0.06852940   0.00000000    -0.00000000   0.00000000
  0.00000000   0.00000000    -0.00000000   0.00000000    -0.06337511   0.00000000
    4    1
 -0.00654129  -0.00000000     0.00000000   0.00000000     0.00000000   0.00000000
  0.00000000   0.00000000    -0.02416791   0.00000000     0.00000000  -0.00111592
  0.00000000   0.00000000     0.00000000   0.00272873    -0.04223341  -0.00000000
    4    2
 -0.00051715  -0.00000000     0.00000000   0.00000000     0.00000000   0.00000000
  0.00000000   0.00000000    -0.00875060   0.00000000    -0.00000000   0.00957978
  0.00000000   0.00000000     0.00000000  -0.03125811    -0.00686190  -0.00000000
    4    3
 -0.06100404   0.00000000    -0.00000000   0.00000000     0.00000000   0.00000000
  0.00000000   0.00000000    -0.07481348  -0.00000000    -0.00000000  -0.00458032
  0.00000000   0.00000000     0.00000000  -0.00779853    -0.09991036   0.00000000
    4    4
  0.07734229   0.00000000     0.00000000   0.00000000     0.00000000   0.00000000
  0.00000000   0.00000000     0.11765846   0.00000000    -0.00000000  -0.00151098
  0.00000000  -0.00000000     0.00000000   0.00151098     0.27531267  -0.00000000
    4    5
  0.00968745   0.00000000     0.00000000  -0.00000000    -0.00000000   0.00000000
 -0.00000000   0.00000000     0.01367861   0.00000000     0.00000000   0.03014669
 -0.00000000   0.00000000     0.00000000   0.03014669    -0.04059046   0.00000000
    4    6
  0.00060350  -0.00185737    -0.00000000   0.00000000    -0.00000000   0.00000000
  0.00000000   0.00000000    -0.00007541   0.00023209    -0.04423620  -0.01437321
 -0.00000000   0.00000000     0.00576026   0.00187162    -0.00355117   0.01092938
    4    7
 -0.00689829  -0.00000000    -0.00000000   0.00000000    -0.00000000   0.00000000
  0.00000000   0.00000000     0.01640940   0.00000000     0.00000000  -0.00106498
  0.00000000   0.00000000     0.00000000   0.01106743    -0.02180812   0.00000000
    5    1
 -0.00051715   0.00000000     0.00000000   0.00000000     0.00000000  -0.00000000
  0.00000000   0.00000000    -0.00875060   0.00000000    -0.00000000  -0.00957978
  0.00000000  -0.00000000     0.00000000   0.03125811    -0.00686190   0.00000000
    5    2
 -0.00654129   0.00000000     0.00000000   0.00000000     0.00000000  -0.00000000
  0.00000000  -0.00000000    -0.02416791  -0.00000000     0.00000000   0.00111592
  0.00000000  -0.00000000     0.00000000  -0.00272873    -0.04223341   0.00000000
    5    3
 -0.06100404   0.00000000    -0.00000000  -0.00000000     0.00000000  -0.00000000
  0.00000000   0.00000000    -0.07481348   0.00000000    -0.00000000   0.00458032
  0.00000000   0.00000000     0.00000000   0.00779853    -0.09991036  -0.00000000
    5    4
  0.00968745   0.00000000     0.00000000   0.00000000    -0.00000000   0.00000000
 -0.00000000   0.00000000     0.01367861   0.00000000     0.00000000  -0.03014669
 -0.00000000   0.00000000     0.00000000  -0.03014669    -0.04059046   0.00000000
    5    5
  0.07734229  -0.00000000     0.00000000   0.00000000     0.00000000  -0.00000000
  0.00000000   0.00000000     0.11765846  -0.00000000    -0.00000000   0.00151098
  0.00000000   0.00000000     0.00000000  -0.00151098     0.27531267   0.00000000
    5    6
  0.00060350  -0.00185737     0.00000000   0.00000000    -0.00000000  -0.00000000
 -0.00000000   0.00000000    -0.00007541   0.00023209     0.04423620   0.01437321
 -0.00000000  -0.00000000    -0.00576026  -0.00187162    -0.00355117   0.01092938
    5    7
 -0.00689829   0.00000000    -0.00000000   0.00000000    -0.00000000  -0.00000000
  0.00000000   0.00000000     0.01640940  -0.00000000     0.00000000   0.00106498
  0.00000000  -0.00000000     0.00000000  -0.01106743    -0.02180812   0.00000000
    6    1
 -0.00448119  -0.01379170     0.00000000  -0.00000000     0.00000000  -0.00000000
 -0.00000000  -0.00000000     0.00170926   0.00526056    -0.00205181   0.00066667
 -0.00000000  -0.00000000    -0.00278933   0.00090631    -0.00249166  -0.00766855
    6    2
 -0.00448119  -0.01379170    -0.00000000  -0.00000000    -0.00000000  -0.00000000
 -0.00000000   0.00000000     0.00170926   0.00526056     0.00205181  -0.00066667
 -0.00000000   0.00000000     0.00278933  -0.00090631    -0.00249166  -0.00766855
    6    3
 -0.00519883  -0.01600036    -0.00000000   0.00000000     0.00000000   0.00000000
 -0.00000000   0.00000000    -0.06911799  -0.21272331    -0.00000000   0.00000000
 -0.00000000   0.00000000    -0.00000000  -0.00000000    -0.01192397  -0.03669821
    6    4
  0.00060350   0.00185737    -0.00000000   0.00000000    -0.00000000  -0.00000000
  0.00000000   0.00000000    -0.00007541  -0.00023209     0.00576026  -0.00187162
 -0.00000000   0.00000000    -0.04423620   0.01437321    -0.00355117  -0.01092938
    6    5
  0.00060350   0.00185737    -0.00000000   0.00000000     0.00000000   0.00000000
 -0.00000000   0.00000000    -0.00007541  -0.00023209    -0.00576026   0.00187162
  0.00000000   0.00000000     0.04423620  -0.01437321    -0.00355117  -0.01092938
    6    6
  0.08906148   0.00000000    -0.00000000   0.00000000     0.00000000   0.00000000
  0.00000000   0.00000000     0.70513984   0.00000000    -0.00000000   0.00000000
 -0.00000000   0.00000000     0.00000000   0.00000000     0.10423703   0.00000000
    6    7
 -0.00575330  -0.01770684     0.00000000   0.00000000     0.00000000   0.00000000
  0.00000000   0.00000000    -0.00433232  -0.01333351    -0.00000000   0.00000000
  0.00000000   0.00000000    -0.00000000  -0.00000000     0.00109067   0.00335674
    7    1
 -0.00023713   0.00000000     0.00000000   0.00000000    -0.00000000   0.00000000
  0.00000000   0.00000000    -0.00825328   0.00000000     0.00000000   0.00556178
 -0.00000000   0.00000000    -0.00000000   0.00333993     0.00248740   0.00000000
    7    2
 -0.00023713   0.00000000     0.00000000   0.00000000    -0.00000000   0.00000000
  0.00000000  -0.00000000    -0.00825328   0.00000000     0.00000000  -0.00556178
 -0.00000000   0.00000000    -0.00000000  -0.00333993     0.00248740   0.00000000
    7    3
 -0.42031081   0.00000000     0.00000000   0.00000000     0.00000000   0.00000000
  0.00000000   0.00000000    -0.06852940   0.00000000    -0.00000000   0.00000000
  0.00000000   0.00000000    -0.00000000   0.00000000    -0.06337511   0.00000000
    7    4
 -0.00689829   0.00000000    -0.00000000   0.00000000    -0.00000000   0.00000000
 -0.00000000   0.00000000     0.01640940   0.00000000     0.00000000  -0.01106743
 -0.00000000   0.00000000     0.00000000   0.00106498    -0.02180812   0.00000000
    7    5
 -0.00689829   0.00000000    -0.00000000   0.00000000    -0.00000000  -0.00000000
 -0.00000000   0.00000000     0.01640940   0.00000000     0.00000000   0.01106743
 -0.00000000   0.00000000     0.00000000  -0.00106498    -0.02180812   0.00000000
    7    6
 -0.00575330   0.01770684     0.00000000   0.00000000    -0.00000000   0.00000000
  0.00000000   0.00000000    -0.00433232   0.01333351     0.00000000   0.00000000
 -0.00000000  -0.00000000     0.00000000   0.00000000     0.00109067  -0.00335674
    7    7
  0.48519558   0.00000000    -0.00000000   0.00000000    -0.00000000   0.00000000
 -0.00000000   0.00000000     0.12147363   0.00000000     0.00000000   0.00000000
 -0.00000000   0.00000000     0.00000000   0.00000000     0.10545767   0.00000000

     Dynamical  Matrix in cartesian axes

     q = (    0.000000000   0.400000000   0.000000000 ) 

    1    1
  0.06254682  -0.00000000     0.00000000   0.00000000     0.00000000  -0.00000000
  0.00000000   0.00000000     0.15617086  -0.00000000    -0.00000000  -0.00537964
  0.00000000   0.00000000     0.00000000   0.00537964     0.18171629   0.00000000
    1    2
 -0.00271874   0.00000000    -0.00000000  -0.00000000     0.00000000   0.00000000
  0.00000000   0.00000000     0.00511852   0.00000000     0.00000000   0.04773397
  0.00000000   0.00000000    -0.00000000   0.04773397    -0.03335863   0.00000000
    1    3
 -0.01060939   0.00000000    -0.00000000  -0.00000000     0.00000000   0.00000000
 -0.00000000  -0.00000000    -0.00139097   0.00000000     0.00000000  -0.08392108
  0.00000000   0.00000000     0.00000000  -0.07968540    -0.03109657   0.00000000
    1    4
 -0.00654129   0.00000000     0.00000000   0.00000000     0.00000000   0.00000000
 -0.00000000   0.00000000    -0.02416791   0.00000000    -0.00000000   0.00272873
 -0.00000000   0.00000000     0.00000000  -0.00111592    -0.04223341   0.00000000
    1    5
 -0.00051715   0.00000000     0.00000000   0.00000000    -0.00000000  -0.00000000
  0.00000000   0.00000000    -0.00875060   0.00000000     0.00000000   0.03125811
  0.00000000   0.00000000     0.00000000  -0.00957978    -0.00686190  -0.00000000
    1    6
 -0.00448119  -0.01379170     0.00000000   0.00000000     0.00000000  -0.00000000
  0.00000000  -0.00000000     0.00170926   0.00526056    -0.00278933   0.00090631
  0.00000000  -0.00000000    -0.00205181   0.00066667    -0.00249166  -0.00766855
    1    7
 -0.00023713   0.00000000     0.00000000   0.00000000    -0.00000000   0.00000000
  0.00000000   0.00000000    -0.00825328  -0.00000000     0.00000000   0.00333993
 -0.00000000   0.00000000     0.00000000   0.00556178     0.00248740   0.00000000
    2    1
 -0.00271874   0.00000000    -0.00000000   0.00000000     0.00000000   0.00000000
  0.00000000   0.00000000     0.00511852   0.00000000     0.00000000  -0.04773397
  0.00000000   0.00000000    -0.00000000  -0.04773397    -0.03335863   0.00000000
    2    2
  0.06254682   0.00000000     0.00000000   0.00000000     0.00000000   0.00000000
  0.00000000   0.00000000     0.15617086   0.00000000    -0.00000000   0.00537964
  0.00000000  -0.00000000     0.00000000  -0.00537964     0.18171629  -0.00000000
    2    3
 -0.01060939   0.00000000    -0.00000000   0.00000000     0.00000000   0.00000000
 -0.00000000   0.00000000    -0.00139097   0.00000000     0.00000000   0.08392108
  0.00000000   0.00000000     0.00000000   0.07968540    -0.03109657   0.00000000
    2    4
 -0.00051715   0.00000000     0.00000000   0.00000000    -0.00000000   0.00000000
  0.00000000   0.00000000    -0.00875060   0.00000000     0.00000000  -0.03125811
  0.00000000   0.00000000     0.00000000   0.00957978    -0.00686190   0.00000000
    2    5
 -0.00654129   0.00000000     0.00000000   0.00000000     0.00000000  -0.00000000
 -0.00000000   0.00000000    -0.02416791   0.00000000    -0.00000000  -0.00272873
 -0.00000000   0.00000000     0.00000000   0.00111592    -0.04223341   0.00000000
    2    6
 -0.00448119  -0.01379170     0.00000000  -0.00000000     0.00000000  -0.00000000
  0.00000000   0.00000000     0.00170926   0.00526056     0.00278933  -0.00090631
  0.00000000   0.00000000     0.00205181  -0.00066667    -0.00249166  -0.00766855
    2    7
 -0.00023713   0.00000000     0.00000000  -0.00000000    -0.00000000   0.00000000
  0.00000000  -0.00000000    -0.00825328   0.00000000     0.00000000  -0.00333993
 -0.00000000   0.00000000     0.00000000  -0.00556178     0.00248740   0.00000000
    3    1
 -0.01060939   0.00000000    -0.00000000  -0.00000000     0.00000000   0.00000000
  0.00000000   0.00000000    -0.00139097   0.00000000     0.00000000   0.07968540
  0.00000000   0.00000000    -0.00000000   0.08392108    -0.03109657   0.00000000
    3    2
 -0.01060939   0.00000000    -0.00000000   0.00000000     0.00000000   0.00000000
  0.00000000   0.00000000    -0.00139097   0.00000000     0.00000000  -0.07968540
  0.00000000   0.00000000    -0.00000000  -0.08392108    -0.03109657   0.00000000
    3    3
  0.69764145   0.00000000     0.00000000   0.00000000    -0.00000000   0.00000000
  0.00000000   0.00000000     0.73929624   0.00000000     0.00000000   0.00000000
  0.00000000   0.00000000     0.00000000   0.00000000     0.44277142   0.00000000
    3    4
 -0.06100404   0.00000000     0.00000000   0.00000000     0.00000000   0.00000000
  0.00000000   0.00000000    -0.07481348   0.00000000    -0.00000000  -0.00779853
  0.00000000   0.00000000    -0.00000000  -0.00458032    -0.09991036   0.00000000
    3    5
 -0.06100404   0.00000000     0.00000000   0.00000000     0.00000000   0.00000000
  0.00000000   0.00000000    -0.07481348   0.00000000    -0.00000000   0.00779853
  0.00000000   0.00000000    -0.00000000   0.00458032    -0.09991036  -0.00000000
    3    6
 -0.00519883  -0.01600036     0.00000000   0.00000000     0.00000000   0.00000000
  0.00000000   0.00000000    -0.06911799  -0.21272331     0.00000000  -0.00000000
  0.00000000   0.00000000    -0.00000000  -0.00000000    -0.01192397  -0.03669821
    3    7
 -0.42031081   0.00000000     0.00000000   0.00000000     0.00000000   0.00000000
 -0.00000000   0.00000000    -0.06852940   0.00000000    -0.00000000   0.00000000
  0.00000000   0.00000000    -0.00000000   0.00000000    -0.06337511   0.00000000
    4    1
 -0.00654129   0.00000000     0.00000000   0.00000000    -0.00000000   0.00000000
  0.00000000   0.00000000    -0.02416791  -0.00000000     0.00000000   0.00111592
 -0.00000000   0.00000000     0.00000000  -0.00272873    -0.04223341  -0.00000000
    4    2
 -0.00051715   0.00000000     0.00000000   0.00000000     0.00000000   0.00000000
  0.00000000   0.00000000    -0.00875060  -0.00000000     0.00000000  -0.00957978
  0.00000000   0.00000000    -0.00000000   0.03125811    -0.00686190  -0.00000000
    4    3
 -0.06100404   0.00000000     0.00000000  -0.00000000     0.00000000  -0.00000000
 -0.00000000   0.00000000    -0.07481348   0.00000000     0.00000000   0.00458032
  0.00000000   0.00000000    -0.00000000   0.00779853    -0.09991036   0.00000000
    4    4
  0.07734229  -0.00000000     0.00000000   0.00000000     0.00000000  -0.00000000
  0.00000000   0.00000000     0.11765846  -0.00000000    -0.00000000   0.00151098
  0.00000000   0.00000000     0.00000000  -0.00151098     0.27531267   0.00000000
    4    5
  0.00968745   0.00000000     0.00000000   0.00000000    -0.00000000   0.00000000
  0.00000000  -0.00000000     0.01367861   0.00000000     0.00000000  -0.03014669
 -0.00000000   0.00000000     0.00000000  -0.03014669    -0.04059046   0.00000000
    4    6
  0.00060350   0.00185737     0.00000000   0.00000000    -0.00000000   0.00000000
 -0.00000000   0.00000000    -0.00007541  -0.00023209    -0.04423620   0.01437321
  0.00000000   0.00000000     0.00576026  -0.00187162    -0.00355117  -0.01092938
    4    7
 -0.00689829   0.00000000     0.00000000  -0.00000000    -0.00000000   0.00000000
 -0.00000000   0.00000000     0.01640940   0.00000000     0.00000000   0.00106498
 -0.00000000   0.00000000     0.00000000  -0.01106743    -0.02180812   0.00000000
    5    1
 -0.00051715   0.00000000     0.00000000   0.00000000     0.00000000   0.00000000
  0.00000000   0.00000000    -0.00875060   0.00000000     0.00000000   0.00957978
  0.00000000   0.00000000    -0.00000000  -0.03125811    -0.00686190   0.00000000
    5    2
 -0.00654129   0.00000000     0.00000000  -0.00000000    -0.00000000  -0.00000000
  0.00000000   0.00000000    -0.02416791   0.00000000     0.00000000  -0.00111592
 -0.00000000   0.00000000     0.00000000   0.00272873    -0.04223341   0.00000000
    5    3
 -0.06100404   0.00000000     0.00000000   0.00000000     0.00000000   0.00000000
 -0.00000000   0.00000000    -0.07481348   0.00000000     0.00000000  -0.00458032
  0.00000000   0.00000000    -0.00000000  -0.00779853    -0.09991036   0.00000000
    5    4
  0.00968745   0.00000000     0.00000000  -0.00000000    -0.00000000   0.00000000
  0.00000000   0.00000000     0.01367861   0.00000000     0.00000000   0.03014669
 -0.00000000   0.00000000     0.00000000   0.03014669    -0.04059046   0.00000000
    5    5
  0.07734229   0.00000000     0.00000000   0.00000000     0.00000000   0.00000000
  0.00000000   0.00000000     0.11765846   0.00000000    -0.00000000  -0.00151098
  0.00000000  -0.00000000     0.00000000   0.00151098     0.27531267  -0.00000000
    5    6
  0.00060350   0.00185737    -0.00000000  -0.00000000    -0.00000000   0.00000000
  0.00000000  -0.00000000    -0.00007541  -0.00023209     0.04423620  -0.01437321
 -0.00000000  -0.00000000    -0.00576026   0.00187162    -0.00355117  -0.01092938
    5    7
 -0.00689829   0.00000000     0.00000000   0.00000000    -0.00000000   0.00000000
 -0.00000000   0.00000000     0.01640940  -0.00000000     0.00000000  -0.00106498
 -0.00000000   0.00000000     0.00000000   0.01106743    -0.02180812   0.00000000
    6    1
 -0.00448119   0.01379170     0.00000000   0.00000000     0.00000000   0.00000000
  0.00000000  -0.00000000     0.00170926  -0.00526056    -0.00205181  -0.00066667
  0.00000000  -0.00000000    -0.00278933  -0.00090631    -0.00249166   0.00766855
    6    2
 -0.00448119   0.01379170     0.00000000   0.00000000     0.00000000   0.00000000
  0.00000000   0.00000000     0.00170926  -0.00526056     0.00205181   0.00066667
  0.00000000   0.00000000     0.00278933   0.00090631    -0.00249166   0.00766855
    6    3
 -0.00519883   0.01600036     0.00000000   0.00000000     0.00000000   0.00000000
  0.00000000   0.00000000    -0.06911799   0.21272331    -0.00000000  -0.00000000
  0.00000000   0.00000000     0.00000000   0.00000000    -0.01192397   0.03669821
    6    4
  0.00060350  -0.00185737     0.00000000   0.00000000     0.00000000   0.00000000
  0.00000000   0.00000000    -0.00007541   0.00023209     0.00576026   0.00187162
  0.00000000   0.00000000    -0.04423620  -0.01437321    -0.00355117   0.01092938
    6    5
  0.00060350  -0.00185737     0.00000000   0.00000000     0.00000000  -0.00000000
  0.00000000   0.00000000    -0.00007541   0.00023209    -0.00576026  -0.00187162
 -0.00000000   0.00000000     0.04423620   0.01437321    -0.00355117   0.01092938
    6    6
  0.08906148   0.00000000    -0.00000000   0.00000000     0.00000000   0.00000000
  0.00000000   0.00000000     0.70513984   0.00000000    -0.00000000   0.00000000
  0.00000000   0.00000000    -0.00000000   0.00000000     0.10423703   0.00000000
    6    7
 -0.00575330   0.01770684     0.00000000   0.00000000     0.00000000  -0.00000000
  0.00000000   0.00000000    -0.00433232   0.01333351     0.00000000   0.00000000
  0.00000000  -0.00000000    -0.00000000   0.00000000     0.00109067  -0.00335674
    7    1
 -0.00023713   0.00000000     0.00000000   0.00000000     0.00000000   0.00000000
  0.00000000   0.00000000    -0.00825328   0.00000000    -0.00000000  -0.00556178
 -0.00000000   0.00000000     0.00000000  -0.00333993     0.00248740   0.00000000
    7    2
 -0.00023713   0.00000000     0.00000000   0.00000000     0.00000000   0.00000000
  0.00000000   0.00000000    -0.00825328   0.00000000    -0.00000000   0.00556178
 -0.00000000   0.00000000     0.00000000   0.00333993     0.00248740   0.00000000
    7    3
 -0.42031081   0.00000000     0.00000000   0.00000000     0.00000000   0.00000000
 -0.00000000   0.00000000    -0.06852940   0.00000000    -0.00000000   0.00000000
  0.00000000   0.00000000    -0.00000000   0.00000000    -0.06337511   0.00000000
    7    4
 -0.00689829   0.00000000    -0.00000000   0.00000000    -0.00000000  -0.00000000
 -0.00000000   0.00000000     0.01640940   0.00000000     0.00000000   0.01106743
 -0.00000000   0.00000000     0.00000000  -0.00106498    -0.02180812   0.00000000
    7    5
 -0.00689829   0.00000000    -0.00000000   0.00000000    -0.00000000   0.00000000
 -0.00000000   0.00000000     0.01640940   0.00000000     0.00000000  -0.01106743
 -0.00000000   0.00000000     0.00000000   0.00106498    -0.02180812   0.00000000
    7    6
 -0.00575330  -0.01770684     0.00000000   0.00000000    -0.00000000  -0.00000000
 -0.00000000   0.00000000    -0.00433232  -0.01333351     0.00000000   0.00000000
 -0.00000000   0.00000000     0.00000000  -0.00000000     0.00109067   0.00335674
    7    7
  0.48519558   0.00000000     0.00000000   0.00000000     0.00000000   0.00000000
  0.00000000   0.00000000     0.12147363   0.00000000     0.00000000   0.00000000
  0.00000000   0.00000000    -0.00000000   0.00000000     0.10545767   0.00000000

     Dynamical  Matrix in cartesian axes

     q = (   -0.400000000   0.000000000  -0.000000000 ) 

    1    1
  0.15617086  -0.00000000     0.00000000   0.00000000     0.00000000   0.00537964
  0.00000000   0.00000000     0.06254682  -0.00000000    -0.00000000   0.00000000
  0.00000000  -0.00537964     0.00000000   0.00000000     0.18171629  -0.00000000
    1    2
  0.00511852   0.00000000     0.00000000   0.00000000     0.00000000  -0.04773397
 -0.00000000   0.00000000    -0.00271874  -0.00000000     0.00000000   0.00000000
 -0.00000000  -0.04773397     0.00000000  -0.00000000    -0.03335863   0.00000000
    1    3
 -0.00139097   0.00000000     0.00000000   0.00000000     0.00000000   0.08392108
 -0.00000000  -0.00000000    -0.01060939   0.00000000    -0.00000000  -0.00000000
  0.00000000   0.07968540    -0.00000000   0.00000000    -0.03109657   0.00000000
    1    4
 -0.02416791   0.00000000     0.00000000   0.00000000     0.00000000  -0.00272873
  0.00000000   0.00000000    -0.00654129   0.00000000    -0.00000000   0.00000000
  0.00000000   0.00111592    -0.00000000   0.00000000    -0.04223341   0.00000000
    1    5
 -0.00875060   0.00000000    -0.00000000   0.00000000    -0.00000000  -0.03125811
  0.00000000   0.00000000    -0.00051715   0.00000000     0.00000000   0.00000000
  0.00000000   0.00957978     0.00000000   0.00000000    -0.00686190   0.00000000
    1    6
 -0.00825328  -0.00000000     0.00000000   0.00000000    -0.00000000  -0.00333993
  0.00000000   0.00000000    -0.00023713   0.00000000     0.00000000  -0.00000000
 -0.00000000  -0.00556178     0.00000000   0.00000000     0.00248740   0.00000000
    1    7
  0.00170926   0.00526056     0.00000000  -0.00000000     0.00278933  -0.00090631
  0.00000000   0.00000000    -0.00448119  -0.01379170    -0.00000000  -0.00000000
  0.00205181  -0.00066667    -0.00000000   0.00000000    -0.00249166  -0.00766855
    2    1
  0.00511852   0.00000000     0.00000000   0.00000000     0.00000000   0.04773397
 -0.00000000  -0.00000000    -0.00271874   0.00000000     0.00000000  -0.00000000
 -0.00000000   0.04773397     0.00000000   0.00000000    -0.03335863   0.00000000
    2    2
  0.15617086   0.00000000     0.00000000   0.00000000     0.00000000  -0.00537964
  0.00000000   0.00000000     0.06254682   0.00000000    -0.00000000   0.00000000
  0.00000000   0.00537964     0.00000000   0.00000000     0.18171629   0.00000000
    2    3
 -0.00139097   0.00000000     0.00000000   0.00000000     0.00000000  -0.08392108
 -0.00000000   0.00000000    -0.01060939   0.00000000    -0.00000000   0.00000000
  0.00000000  -0.07968540    -0.00000000   0.00000000    -0.03109657   0.00000000
    2    4
 -0.00875060   0.00000000    -0.00000000   0.00000000    -0.00000000   0.03125811
  0.00000000   0.00000000    -0.00051715   0.00000000     0.00000000  -0.00000000
  0.00000000  -0.00957978     0.00000000   0.00000000    -0.00686190  -0.00000000
    2    5
 -0.02416791   0.00000000     0.00000000   0.00000000     0.00000000   0.00272873
  0.00000000   0.00000000    -0.00654129   0.00000000    -0.00000000   0.00000000
  0.00000000  -0.00111592    -0.00000000   0.00000000    -0.04223341   0.00000000
    2    6
 -0.00825328   0.00000000     0.00000000   0.00000000    -0.00000000   0.00333993
  0.00000000  -0.00000000    -0.00023713   0.00000000     0.00000000   0.00000000
 -0.00000000   0.00556178     0.00000000   0.00000000     0.00248740   0.00000000
    2    7
  0.00170926   0.00526056     0.00000000   0.00000000    -0.00278933   0.00090631
 -0.00000000  -0.00000000    -0.00448119  -0.01379170     0.00000000   0.00000000
 -0.00205181   0.00066667    -0.00000000  -0.00000000    -0.00249166  -0.00766855
    3    1
 -0.00139097   0.00000000     0.00000000   0.00000000     0.00000000  -0.07968540
  0.00000000  -0.00000000    -0.01060939   0.00000000    -0.00000000  -0.00000000
  0.00000000  -0.08392108    -0.00000000   0.00000000    -0.03109657   0.00000000
    3    2
 -0.00139097   0.00000000     0.00000000   0.00000000     0.00000000   0.07968540
  0.00000000   0.00000000    -0.01060939   0.00000000    -0.00000000   0.00000000
  0.00000000   0.08392108    -0.00000000   0.00000000    -0.03109657   0.00000000
    3    3
  0.73929624   0.00000000     0.00000000   0.00000000    -0.00000000   0.00000000
  0.00000000   0.00000000     0.69764145   0.00000000     0.00000000   0.00000000
  0.00000000   0.00000000     0.00000000   0.00000000     0.44277142   0.00000000
    3    4
 -0.07481348   0.00000000     0.00000000   0.00000000     0.00000000   0.00779853
  0.00000000   0.00000000    -0.06100404   0.00000000    -0.00000000   0.00000000
  0.00000000   0.00458032    -0.00000000   0.00000000    -0.09991036  -0.00000000
    3    5
 -0.07481348   0.00000000     0.00000000   0.00000000     0.00000000  -0.00779853
  0.00000000   0.00000000    -0.06100404   0.00000000    -0.00000000   0.00000000
  0.00000000  -0.00458032    -0.00000000   0.00000000    -0.09991036   0.00000000
    3    6
 -0.06852940   0.00000000     0.00000000   0.00000000     0.00000000   0.00000000
  0.00000000   0.00000000    -0.42031081   0.00000000    -0.00000000   0.00000000
  0.00000000   0.00000000    -0.00000000   0.00000000    -0.06337511   0.00000000
    3    7
 -0.06911799  -0.21272331     0.00000000  -0.00000000     0.00000000   0.00000000
  0.00000000  -0.00000000    -0.00519883  -0.01600036    -0.00000000   0.00000000
  0.00000000   0.00000000    -0.00000000  -0.00000000    -0.01192397  -0.03669821
    4    1
 -0.02416791  -0.00000000     0.00000000  -0.00000000     0.00000000  -0.00111592
  0.00000000   0.00000000    -0.00654129   0.00000000     0.00000000   0.00000000
  0.00000000   0.00272873     0.00000000   0.00000000    -0.04223341   0.00000000
    4    2
 -0.00875060   0.00000000     0.00000000   0.00000000     0.00000000   0.00957978
  0.00000000   0.00000000    -0.00051715   0.00000000     0.00000000   0.00000000
  0.00000000  -0.03125811    -0.00000000   0.00000000    -0.00686190   0.00000000
    4    3
 -0.07481348   0.00000000     0.00000000   0.00000000     0.00000000  -0.00458032
 -0.00000000  -0.00000000    -0.06100404   0.00000000     0.00000000   0.00000000
  0.00000000  -0.00779853    -0.00000000   0.00000000    -0.09991036   0.00000000
    4    4
  0.11765846  -0.00000000     0.00000000   0.00000000     0.00000000  -0.00151098
  0.00000000   0.00000000     0.07734229  -0.00000000    -0.00000000   0.00000000
  0.00000000   0.00151098     0.00000000   0.00000000     0.27531267  -0.00000000
    4    5
  0.01367861   0.00000000    -0.00000000   0.00000000    -0.00000000   0.03014669
  0.00000000   0.00000000     0.00968745   0.00000000     0.00000000  -0.00000000
 -0.00000000   0.03014669     0.00000000   0.00000000    -0.04059046   0.00000000
    4    6
  0.01640940  -0.00000000     0.00000000   0.00000000    -0.00000000  -0.00106498
 -0.00000000   0.00000000    -0.00689829   0.00000000     0.00000000   0.00000000
  0.00000000   0.01106743     0.00000000   0.00000000    -0.02180812   0.00000000
    4    7
 -0.00007541  -0.00023209     0.00000000   0.00000000     0.04423620  -0.01437321
  0.00000000   0.00000000     0.00060350   0.00185737     0.00000000  -0.00000000
 -0.00576026   0.00187162     0.00000000  -0.00000000    -0.00355117  -0.01092938
    5    1
 -0.00875060   0.00000000     0.00000000   0.00000000     0.00000000  -0.00957978
  0.00000000   0.00000000    -0.00051715  -0.00000000     0.00000000  -0.00000000
  0.00000000   0.03125811    -0.00000000  -0.00000000    -0.00686190  -0.00000000
    5    2
 -0.02416791   0.00000000     0.00000000   0.00000000     0.00000000   0.00111592
  0.00000000   0.00000000    -0.00654129  -0.00000000     0.00000000  -0.00000000
  0.00000000  -0.00272873     0.00000000   0.00000000    -0.04223341  -0.00000000
    5    3
 -0.07481348  -0.00000000     0.00000000   0.00000000     0.00000000   0.00458032
 -0.00000000   0.00000000    -0.06100404   0.00000000     0.00000000  -0.00000000
  0.00000000   0.00779853    -0.00000000   0.00000000    -0.09991036   0.00000000
    5    4
  0.01367861   0.00000000    -0.00000000   0.00000000    -0.00000000  -0.03014669
  0.00000000  -0.00000000     0.00968745   0.00000000     0.00000000   0.00000000
 -0.00000000  -0.03014669     0.00000000   0.00000000    -0.04059046   0.00000000
    5    5
  0.11765846   0.00000000     0.00000000   0.00000000     0.00000000   0.00151098
  0.00000000   0.00000000     0.07734229   0.00000000    -0.00000000   0.00000000
  0.00000000  -0.00151098     0.00000000   0.00000000     0.27531267   0.00000000
    5    6
  0.01640940   0.00000000     0.00000000   0.00000000    -0.00000000   0.00106498
 -0.00000000   0.00000000    -0.00689829  -0.00000000     0.00000000  -0.00000000
  0.00000000  -0.01106743     0.00000000  -0.00000000    -0.02180812   0.00000000
    5    7
 -0.00007541  -0.00023209     0.00000000   0.00000000    -0.04423620   0.01437321
 -0.00000000  -0.00000000     0.00060350   0.00185737     0.00000000   0.00000000
  0.00576026  -0.00187162     0.00000000   0.00000000    -0.00355117  -0.01092938
    6    1
 -0.00825328   0.00000000     0.00000000  -0.00000000    -0.00000000   0.00556178
  0.00000000   0.00000000    -0.00023713   0.00000000     0.00000000   0.00000000
  0.00000000   0.00333993     0.00000000   0.00000000     0.00248740   0.00000000
    6    2
 -0.00825328   0.00000000     0.00000000   0.00000000    -0.00000000  -0.00556178
  0.00000000   0.00000000    -0.00023713   0.00000000     0.00000000  -0.00000000
  0.00000000  -0.00333993     0.00000000  -0.00000000     0.00248740   0.00000000
    6    3
 -0.06852940   0.00000000     0.00000000   0.00000000     0.00000000   0.00000000
  0.00000000   0.00000000    -0.42031081   0.00000000    -0.00000000   0.00000000
  0.00000000   0.00000000    -0.00000000   0.00000000    -0.06337511   0.00000000
    6    4
  0.01640940   0.00000000    -0.00000000   0.00000000    -0.00000000  -0.01106743
 -0.00000000   0.00000000    -0.00689829   0.00000000     0.00000000   0.00000000
 -0.00000000   0.00106498     0.00000000   0.00000000    -0.02180812   0.00000000
    6    5
  0.01640940   0.00000000    -0.00000000   0.00000000    -0.00000000   0.01106743
 -0.00000000   0.00000000    -0.00689829   0.00000000     0.00000000  -0.00000000
 -0.00000000  -0.00106498     0.00000000   0.00000000    -0.02180812   0.00000000
    6    6
  0.12147363   0.00000000    -0.00000000   0.00000000    -0.00000000   0.00000000
 -0.00000000   0.00000000     0.48519558   0.00000000     0.00000000   0.00000000
 -0.00000000   0.00000000     0.00000000   0.00000000     0.10545767   0.00000000
    6    7
 -0.00433232  -0.01333351     0.00000000   0.00000000    -0.00000000  -0.00000000
  0.00000000   0.00000000    -0.00575330  -0.01770684     0.00000000   0.00000000
 -0.00000000   0.00000000     0.00000000  -0.00000000     0.00109067   0.00335674
    7    1
  0.00170926  -0.00526056     0.00000000  -0.00000000     0.00205181   0.00066667
  0.00000000   0.00000000    -0.00448119   0.01379170    -0.00000000   0.00000000
  0.00278933   0.00090631    -0.00000000   0.00000000    -0.00249166   0.00766855
    7    2
  0.00170926  -0.00526056     0.00000000   0.00000000    -0.00205181  -0.00066667
  0.00000000  -0.00000000    -0.00448119   0.01379170     0.00000000   0.00000000
 -0.00278933  -0.00090631     0.00000000  -0.00000000    -0.00249166   0.00766855
    7    3
 -0.06911799   0.21272331     0.00000000   0.00000000     0.00000000   0.00000000
  0.00000000   0.00000000    -0.00519883   0.01600036    -0.00000000  -0.00000000
  0.00000000   0.00000000     0.00000000  -0.00000000    -0.01192397   0.03669821
    7    4
 -0.00007541   0.00023209     0.00000000  -0.00000000    -0.00576026  -0.00187162
  0.00000000   0.00000000     0.00060350  -0.00185737     0.00000000  -0.00000000
  0.04423620   0.01437321    -0.00000000   0.00000000    -0.00355117   0.01092938
    7    5
 -0.00007541   0.00023209     0.00000000   0.00000000     0.00576026   0.00187162
  0.00000000   0.00000000     0.00060350  -0.00185737    -0.00000000   0.00000000
 -0.04423620  -0.01437321     0.00000000   0.00000000    -0.00355117   0.01092938
    7    6
 -0.00433232   0.01333351     0.00000000   0.00000000     0.00000000  -0.00000000
  0.00000000   0.00000000    -0.00575330   0.01770684     0.00000000   0.00000000
 -0.00000000  -0.00000000    -0.00000000   0.00000000     0.00109067  -0.00335674
    7    7
  0.70513984   0.00000000     0.00000000   0.00000000     0.00000000   0.00000000
 -0.00000000   0.00000000     0.08906148   0.00000000    -0.00000000   0.00000000
  0.00000000   0.00000000     0.00000000   0.00000000     0.10423703   0.00000000

     Diagonalizing the dynamical matrix

     q = (    0.400000000   0.000000000   0.000000000 ) 

 **************************************************************************
     freq (    1) =       2.528236 [THz] =      84.332888 [cm-1]
 (  0.000000  0.000000  0.461414 -0.406122  0.000000 -0.000000 ) 
 ( -0.000000 -0.000000  0.461414 -0.406122 -0.000000 -0.000000 ) 
 (  0.000000 -0.000000  0.141368 -0.124428  0.000000 -0.000000 ) 
 (  0.000000 -0.000000  0.158191 -0.139234  0.000000 -0.000000 ) 
 (  0.000000 -0.000000  0.158191 -0.139234 -0.000000 -0.000000 ) 
 ( -0.000000 -0.000000  0.138318 -0.121744  0.000000 -0.000000 ) 
 ( -0.000000 -0.000000  0.252417  0.149557  0.000000  0.000000 ) 
     freq (    2) =       2.959224 [THz] =      98.709101 [cm-1]
 ( -0.000000  0.000000 -0.550210 -0.437630  0.000000  0.000000 ) 
 ( -0.000000  0.000000  0.550210  0.437630 -0.000000 -0.000000 ) 
 ( -0.000000 -0.000000 -0.000000 -0.000000 -0.000000  0.000000 ) 
 ( -0.000000 -0.000000 -0.059341 -0.047199 -0.000000  0.000000 ) 
 (  0.000000  0.000000  0.059341  0.047199 -0.000000 -0.000000 ) 
 ( -0.000000  0.000000 -0.000000 -0.000000 -0.000000  0.000000 ) 
 ( -0.000000  0.000000  0.000000 -0.000000  0.000000  0.000000 ) 
     freq (    3) =       3.334813 [THz] =     111.237397 [cm-1]
 ( -0.112301 -0.036489 -0.000000  0.000000  0.141582 -0.435745 ) 
 (  0.112301  0.036489 -0.000000  0.000000  0.141582 -0.435745 ) 
 (  0.000000 -0.000000  0.000000 -0.000000  0.092961 -0.286103 ) 
 ( -0.103182 -0.033526  0.000000  0.000000  0.091533 -0.281709 ) 
 (  0.103182  0.033526  0.000000 -0.000000  0.091533 -0.281709 ) 
 ( -0.000000  0.000000  0.000000 -0.000000  0.100154 -0.308243 ) 
 ( -0.000000  0.000000  0.000000 -0.000000  0.397135  0.000000 ) 
     freq (    4) =       3.540792 [THz] =     118.108107 [cm-1]
 (  0.539352  0.175246 -0.000000  0.000000 -0.018221  0.056078 ) 
 ( -0.539352 -0.175246 -0.000000  0.000000 -0.018221  0.056078 ) 
 ( -0.000000 -0.000000  0.000000 -0.000000  0.132279 -0.407112 ) 
 (  0.059461  0.019320  0.000000 -0.000000  0.043586 -0.134143 ) 
 ( -0.059461 -0.019320 -0.000000 -0.000000  0.043586 -0.134143 ) 
 (  0.000000 -0.000000  0.000000 -0.000000  0.102262 -0.314731 ) 
 ( -0.000000 -0.000000  0.000000  0.000000  0.097290  0.000000 ) 
     freq (    5) =       3.942546 [THz] =     131.509173 [cm-1]
 (  0.493344 -0.252484  0.000000 -0.000000 -0.190523 -0.372275 ) 
 (  0.493344 -0.252484  0.000000  0.000000  0.190523  0.372275 ) 
 ( -0.102169  0.052288 -0.000000 -0.000000  0.000000  0.000000 ) 
 (  0.012952 -0.006628 -0.000000 -0.000000 -0.045148 -0.088218 ) 
 (  0.012952 -0.006628 -0.000000 -0.000000  0.045148  0.088218 ) 
 (  0.023305 -0.011927 -0.000000 -0.000000  0.000000  0.000000 ) 
 ( -0.031913 -0.031799  0.000000 -0.000000  0.000000  0.000000 ) 
     freq (    6) =       4.389592 [THz] =     146.421033 [cm-1]
 ( -0.000000  0.000000  0.133065 -0.021262  0.000000 -0.000000 ) 
 (  0.000000  0.000000  0.133065 -0.021262 -0.000000 -0.000000 ) 
 ( -0.000000 -0.000000 -0.466934  0.074609  0.000000 -0.000000 ) 
 ( -0.000000 -0.000000 -0.496480  0.079330  0.000000 -0.000000 ) 
 (  0.000000  0.000000 -0.496480  0.079330  0.000000 -0.000000 ) 
 (  0.000000 -0.000000 -0.448826  0.071716  0.000000 -0.000000 ) 
 (  0.000000 -0.000000 -0.076075 -0.148803  0.000000  0.000000 ) 
     freq (    7) =       5.068104 [THz] =     169.053743 [cm-1]
 (  0.333767 -0.090230  0.000000 -0.000000  0.107304  0.396925 ) 
 (  0.333767 -0.090230  0.000000 -0.000000 -0.107304 -0.396925 ) 
 (  0.285019 -0.077052 -0.000000 -0.000000  0.000000  0.000000 ) 
 (  0.375735 -0.101576 -0.000000 -0.000000  0.015493  0.057311 ) 
 (  0.375735 -0.101576 -0.000000  0.000000 -0.015493 -0.057311 ) 
 (  0.124772 -0.033731 -0.000000 -0.000000  0.000000  0.000000 ) 
 (  0.051478  0.078884 -0.000000  0.000000 -0.000000  0.000000 ) 
     freq (    8) =       5.107031 [THz] =     170.352209 [cm-1]
 (  0.047581  0.015460  0.000000 -0.000000  0.037315 -0.114844 ) 
 ( -0.047581 -0.015460  0.000000 -0.000000  0.037315 -0.114844 ) 
 ( -0.000000  0.000000 -0.000000  0.000000 -0.024092  0.074148 ) 
 (  0.471515  0.153205 -0.000000 -0.000000  0.002325 -0.007156 ) 
 ( -0.471515 -0.153205  0.000000  0.000000  0.002325 -0.007156 ) 
 ( -0.000000  0.000000 -0.000000  0.000000 -0.018450  0.056782 ) 
 ( -0.000000 -0.000000 -0.000000 -0.000000 -0.681526  0.000000 ) 
     freq (    9) =       6.326340 [THz] =     211.023982 [cm-1]
 ( -0.178772 -0.058086  0.000000 -0.000000 -0.057437  0.176773 ) 
 (  0.178772  0.058086 -0.000000 -0.000000 -0.057437  0.176773 ) 
 (  0.000000 -0.000000  0.000000  0.000000  0.087998 -0.270830 ) 
 (  0.292204  0.094943 -0.000000 -0.000000  0.075399 -0.232055 ) 
 ( -0.292204 -0.094943  0.000000  0.000000  0.075399 -0.232055 ) 
 (  0.000000 -0.000000  0.000000  0.000000  0.187923 -0.578367 ) 
 (  0.000000  0.000000 -0.000000  0.000000 -0.318526  0.000000 ) 
     freq (   10) =       7.092404 [THz] =     236.577117 [cm-1]
 (  0.000000  0.000000  0.013238  0.004310 -0.000000 -0.000000 ) 
 ( -0.000000 -0.000000 -0.013238 -0.004310  0.000000 -0.000000 ) 
 (  0.000000 -0.000000 -0.000000 -0.000000 -0.000000  0.000000 ) 
 ( -0.000000 -0.000000 -0.672238 -0.218865 -0.000000  0.000000 ) 
 (  0.000000  0.000000  0.672238  0.218865 -0.000000  0.000000 ) 
 (  0.000000  0.000000 -0.000000 -0.000000 -0.000000  0.000000 ) 
 (  0.000000  0.000000  0.000000 -0.000000  0.000000  0.000000 ) 
     freq (   11) =       7.706371 [THz] =     257.056853 [cm-1]
 (  0.097014 -0.019589  0.000000  0.000000  0.040062  0.198410 ) 
 (  0.097014 -0.019589 -0.000000  0.000000 -0.040062 -0.198410 ) 
 ( -0.451408  0.091147 -0.000000 -0.000000  0.000000 -0.000000 ) 
 ( -0.423500  0.085511  0.000000  0.000000 -0.010610 -0.052548 ) 
 ( -0.423500  0.085511  0.000000  0.000000  0.010610  0.052548 ) 
 ( -0.513594  0.103703 -0.000000 -0.000000 -0.000000  0.000000 ) 
 ( -0.088920 -0.157709  0.000000 -0.000000 -0.000000  0.000000 ) 
     freq (   12) =       8.035346 [THz] =     268.030282 [cm-1]
 ( -0.000000 -0.000000 -0.023408  0.014039  0.000000 -0.000000 ) 
 ( -0.000000 -0.000000 -0.023408  0.014039 -0.000000  0.000000 ) 
 (  0.000000  0.000000  0.021740 -0.013039 -0.000000 -0.000000 ) 
 (  0.000000  0.000000 -0.251103  0.150602 -0.000000  0.000000 ) 
 (  0.000000  0.000000 -0.251103  0.150602  0.000000 -0.000000 ) 
 ( -0.000000  0.000000  0.050592 -0.030343  0.000000  0.000000 ) 
 ( -0.000000  0.000000  0.684153  0.595697  0.000000  0.000000 ) 
     freq (   13) =       8.753837 [THz] =     291.996556 [cm-1]
 ( -0.008536  0.018999  0.000000 -0.000000 -0.025887 -0.011631 ) 
 ( -0.008536  0.018999  0.000000 -0.000000  0.025887  0.011631 ) 
 ( -0.004459  0.009925  0.000000 -0.000000  0.000000 -0.000000 ) 
 (  0.173663 -0.386515 -0.000000  0.000000  0.017701  0.007953 ) 
 (  0.173663 -0.386515 -0.000000  0.000000 -0.017701 -0.007953 ) 
 ( -0.327123  0.728067  0.000000 -0.000000 -0.000000  0.000000 ) 
 ( -0.021190 -0.002300 -0.000000 -0.000000 -0.000000  0.000000 ) 
     freq (   14) =       9.101275 [THz] =     303.585868 [cm-1]
 (  0.000000 -0.000000 -0.002790 -0.014854  0.000000 -0.000000 ) 
 ( -0.000000 -0.000000 -0.002790 -0.014854 -0.000000  0.000000 ) 
 (  0.000000  0.000000 -0.038172 -0.203227 -0.000000 -0.000000 ) 
 (  0.000000  0.000000  0.111712  0.594763 -0.000000  0.000000 ) 
 (  0.000000  0.000000  0.111712  0.594763  0.000000 -0.000000 ) 
 ( -0.000000 -0.000000 -0.034826 -0.185417  0.000000 -0.000000 ) 
 ( -0.000000  0.000000 -0.381304  0.208219 -0.000000  0.000000 ) 
     freq (   15) =       9.437707 [THz] =     314.808004 [cm-1]
 (  0.041094  0.013352  0.000000  0.000000  0.008150 -0.025084 ) 
 ( -0.041094 -0.013352  0.000000 -0.000000  0.008150 -0.025084 ) 
 ( -0.000000  0.000000  0.000000  0.000000 -0.061491  0.189250 ) 
 ( -0.126243 -0.041019 -0.000000 -0.000000 -0.009526  0.029317 ) 
 (  0.126243  0.041019 -0.000000 -0.000000 -0.009526  0.029317 ) 
 (  0.000000  0.000000  0.000000 -0.000000  0.295728 -0.910158 ) 
 ( -0.000000 -0.000000 -0.000000 -0.000000 -0.047911  0.000000 ) 
     freq (   16) =      11.070115 [THz] =     369.259284 [cm-1]
 ( -0.010261 -0.003334  0.000000  0.000000  0.005711 -0.017576 ) 
 (  0.010261  0.003334 -0.000000  0.000000  0.005711 -0.017576 ) 
 ( -0.000000  0.000000 -0.000000  0.000000  0.030458 -0.093742 ) 
 ( -0.438341 -0.142426 -0.000000 -0.000000 -0.049993  0.153863 ) 
 (  0.438341  0.142426  0.000000  0.000000 -0.049993  0.153863 ) 
 (  0.000000 -0.000000  0.000000 -0.000000 -0.013847  0.042617 ) 
 ( -0.000000 -0.000000  0.000000  0.000000 -0.714254  0.000000 ) 
     freq (   17) =      11.455507 [THz] =     382.114580 [cm-1]
 ( -0.010595  0.016617 -0.000000  0.000000  0.011625  0.007412 ) 
 ( -0.010595  0.016617 -0.000000  0.000000 -0.011625 -0.007412 ) 
 ( -0.136880  0.214682 -0.000000  0.000000  0.000000  0.000000 ) 
 (  0.275887 -0.432698 -0.000000 -0.000000  0.152458  0.097207 ) 
 (  0.275887 -0.432698  0.000000 -0.000000 -0.152458 -0.097207 ) 
 (  0.310838 -0.487515 -0.000000  0.000000 -0.000000  0.000000 ) 
 ( -0.084730 -0.021946  0.000000  0.000000  0.000000  0.000000 ) 
     freq (   18) =      14.079905 [THz] =     469.655064 [cm-1]
 ( -0.022861 -0.007428 -0.000000  0.000000  0.006143 -0.018905 ) 
 (  0.022861  0.007428  0.000000  0.000000  0.006143 -0.018905 ) 
 (  0.000000 -0.000000 -0.000000  0.000000  0.030110 -0.092671 ) 
 (  0.161011  0.052316  0.000000  0.000000 -0.205174  0.631460 ) 
 ( -0.161011 -0.052316 -0.000000 -0.000000 -0.205174  0.631460 ) 
 ( -0.000000  0.000000  0.000000  0.000000  0.045260 -0.139296 ) 
 ( -0.000000  0.000000 -0.000000 -0.000000  0.167655  0.000000 ) 
     freq (   19) =      15.536255 [THz] =     518.233694 [cm-1]
 (  0.003512 -0.014557  0.000000  0.000000 -0.015343 -0.003702 ) 
 (  0.003512 -0.014557 -0.000000 -0.000000  0.015343  0.003702 ) 
 (  0.005955 -0.024679 -0.000000 -0.000000  0.000000 -0.000000 ) 
 ( -0.031262  0.129567 -0.000000  0.000000  0.669942  0.161643 ) 
 ( -0.031262  0.129567 -0.000000 -0.000000 -0.669942 -0.161643 ) 
 ( -0.025611  0.106146  0.000000 -0.000000  0.000000  0.000000 ) 
 (  0.032364 -0.002510 -0.000000  0.000000  0.000000  0.000000 ) 
     freq (   20) =      20.194727 [THz] =     673.623579 [cm-1]
 (  0.000000  0.000000  0.000226 -0.000574  0.000000  0.000000 ) 
 ( -0.000000 -0.000000  0.000226 -0.000574 -0.000000 -0.000000 ) 
 (  0.000000  0.000000 -0.054751  0.139381 -0.000000  0.000000 ) 
 ( -0.000000 -0.000000  0.001777 -0.004523 -0.000000 -0.000000 ) 
 ( -0.000000 -0.000000  0.001777 -0.004523  0.000000 -0.000000 ) 
 (  0.000000 -0.000000  0.361266 -0.919688 -0.000000  0.000000 ) 
 ( -0.000000 -0.000000 -0.034420 -0.002072  0.000000  0.000000 ) 
     freq (   21) =      23.097237 [THz] =     770.440896 [cm-1]
 (  0.000463 -0.001276 -0.000000  0.000000  0.001851  0.000671 ) 
 (  0.000463 -0.001276 -0.000000  0.000000 -0.001851 -0.000671 ) 
 ( -0.020073  0.055343  0.000000  0.000000  0.000000 -0.000000 ) 
 (  0.002529 -0.006972 -0.000000  0.000000 -0.015389 -0.005582 ) 
 (  0.002529 -0.006972  0.000000  0.000000  0.015389  0.005582 ) 
 ( -0.005337  0.014715 -0.000000 -0.000000  0.000000 -0.000000 ) 
 (  0.997244  0.033712  0.000000  0.000000  0.000000  0.000000 ) 
 **************************************************************************
