Dynamical matrix file
Sr2RuO4                                                                    
  3    7   7   7.3000120   0.0000000   3.2938131   0.0000000   0.0000000   0.0000000
           1  'Sr     '    79860.7445811805     
           2  'Ru     '    92119.6696509919     
           3  'O      '    14582.1964454954     
    1    1      0.0000000000      0.0000000000      1.1602701746
    2    1      0.0000000000      0.0000000000     -1.1602701746
    3    2      0.0000000000      0.0000000000      0.0000000000
    4    3      0.0000000000      0.0000000000      0.5380857149
    5    3      0.0000000000      0.0000000000     -0.5380857149
    6    3      0.0000000000     -0.5000000000      0.0000000000
    7    3      0.5000000000      0.0000000000      0.0000000000

     Dynamical  Matrix in cartesian axes

     q = (    0.200000000   0.200000000   0.000000000 ) 

    1    1
  0.09703500  -0.00000000     0.00932413   0.00000000     0.00000000  -0.00739297
  0.00932413   0.00000000     0.09703500   0.00000000     0.00000000  -0.00739297
  0.00000000   0.00739297     0.00000000   0.00739297     0.18471262  -0.00000000
    1    2
 -0.00304226   0.00000000     0.01307649   0.00000000    -0.00000000   0.02523859
  0.01307649   0.00000000    -0.00304226   0.00000000     0.00000000   0.02523859
 -0.00000000   0.02523859     0.00000000   0.02523859    -0.04897698   0.00000000
    1    3
 -0.01793358   0.00000000     0.03376431  -0.00000000    -0.00000000  -0.03999683
  0.03376431  -0.00000000    -0.01793358   0.00000000     0.00000000  -0.03999683
 -0.00000000  -0.03716821     0.00000000  -0.03716821    -0.03868499   0.00000000
    1    4
 -0.01303193   0.00000000    -0.00525827  -0.00000000     0.00000000  -0.00459591
 -0.00525827   0.00000000    -0.01303193   0.00000000     0.00000000  -0.00459591
  0.00000000  -0.00606788     0.00000000  -0.00606788    -0.03988693   0.00000000
    1    5
 -0.00660732   0.00000000    -0.01630833   0.00000000     0.00000000   0.01659511
 -0.01630833   0.00000000    -0.00660732   0.00000000    -0.00000000   0.01659511
  0.00000000  -0.00678326    -0.00000000  -0.00678326    -0.02226288  -0.00000000
    1    6
 -0.01050774  -0.00763432     0.00318982   0.00231754    -0.00012956   0.00017833
 -0.00371558  -0.00269953     0.00057482   0.00041763    -0.00224169   0.00308542
  0.00016530  -0.00022752     0.00070741  -0.00097366    -0.00241280  -0.00175300
    1    7
  0.00057482  -0.00041763    -0.00371558   0.00269953     0.00224169   0.00308542
  0.00318982  -0.00231754    -0.01050774   0.00763432     0.00012956   0.00017833
 -0.00070741  -0.00097366    -0.00016530  -0.00022752    -0.00241280   0.00175300
    2    1
 -0.00304226   0.00000000     0.01307649   0.00000000    -0.00000000  -0.02523859
  0.01307649   0.00000000    -0.00304226   0.00000000     0.00000000  -0.02523859
 -0.00000000  -0.02523859     0.00000000  -0.02523859    -0.04897698   0.00000000
    2    2
  0.09703500   0.00000000     0.00932413   0.00000000     0.00000000   0.00739297
  0.00932413   0.00000000     0.09703500  -0.00000000     0.00000000   0.00739297
  0.00000000  -0.00739297     0.00000000  -0.00739297     0.18471262   0.00000000
    2    3
 -0.01793358   0.00000000     0.03376431  -0.00000000    -0.00000000   0.03999683
  0.03376431  -0.00000000    -0.01793358   0.00000000     0.00000000   0.03999683
 -0.00000000   0.03716821     0.00000000   0.03716821    -0.03868499   0.00000000
    2    4
 -0.00660732   0.00000000    -0.01630833   0.00000000     0.00000000  -0.01659511
 -0.01630833   0.00000000    -0.00660732   0.00000000    -0.00000000  -0.01659511
  0.00000000   0.00678326    -0.00000000   0.00678326    -0.02226288   0.00000000
    2    5
 -0.01303193   0.00000000    -0.00525827   0.00000000    -0.00000000   0.00459591
 -0.00525827  -0.00000000    -0.01303193   0.00000000     0.00000000   0.00459591
  0.00000000   0.00606788     0.00000000   0.00606788    -0.03988693   0.00000000
    2    6
 -0.01050774  -0.00763432     0.00318982   0.00231754     0.00012956  -0.00017833
 -0.00371558  -0.00269953     0.00057482   0.00041763     0.00224169  -0.00308542
 -0.00016530   0.00022752    -0.00070741   0.00097366    -0.00241280  -0.00175300
    2    7
  0.00057482  -0.00041763    -0.00371558   0.00269953    -0.00224169  -0.00308542
  0.00318982  -0.00231754    -0.01050774   0.00763432    -0.00012956  -0.00017833
  0.00070741   0.00097366     0.00016530   0.00022752    -0.00241280   0.00175300
    3    1
 -0.01793358   0.00000000     0.03376431  -0.00000000    -0.00000000   0.03716821
  0.03376431   0.00000000    -0.01793358   0.00000000     0.00000000   0.03716821
 -0.00000000   0.03999683     0.00000000   0.03999683    -0.03868499   0.00000000
    3    2
 -0.01793358   0.00000000     0.03376431  -0.00000000    -0.00000000  -0.03716821
  0.03376431   0.00000000    -0.01793358   0.00000000     0.00000000  -0.03716821
 -0.00000000  -0.03999683     0.00000000  -0.03999683    -0.03868499   0.00000000
    3    3
  0.74610325   0.00000000     0.02637615   0.00000000     0.00000000   0.00000000
  0.02637615   0.00000000     0.74610325   0.00000000    -0.00000000   0.00000000
  0.00000000   0.00000000    -0.00000000   0.00000000     0.46821523   0.00000000
    3    4
 -0.06965510   0.00000000    -0.00396775   0.00000000    -0.00000000  -0.00618295
 -0.00396775   0.00000000    -0.06965510   0.00000000     0.00000000  -0.00618295
 -0.00000000   0.00012055     0.00000000   0.00012055    -0.09540837   0.00000000
    3    5
 -0.06965510   0.00000000    -0.00396775   0.00000000    -0.00000000   0.00618295
 -0.00396775   0.00000000    -0.06965510   0.00000000     0.00000000   0.00618295
 -0.00000000  -0.00012055     0.00000000  -0.00012055    -0.09540837  -0.00000000
    3    6
 -0.03295000  -0.02393958     0.02038859   0.01481318     0.00000000   0.00000000
 -0.00177933  -0.00129276    -0.34328023  -0.24940768     0.00000000  -0.00000000
  0.00000000   0.00000000    -0.00000000   0.00000000    -0.05329038  -0.03871773
    3    7
 -0.34328023   0.24940768    -0.00177933   0.00129276     0.00000000   0.00000000
  0.02038859  -0.01481318    -0.03295000   0.02393958    -0.00000000  -0.00000000
  0.00000000   0.00000000     0.00000000   0.00000000    -0.05329038   0.03871773
    4    1
 -0.01303193   0.00000000    -0.00525827   0.00000000     0.00000000   0.00606788
 -0.00525827   0.00000000    -0.01303193   0.00000000     0.00000000   0.00606788
  0.00000000   0.00459591     0.00000000   0.00459591    -0.03988693   0.00000000
    4    2
 -0.00660732   0.00000000    -0.01630833   0.00000000     0.00000000  -0.00678326
 -0.01630833   0.00000000    -0.00660732  -0.00000000    -0.00000000  -0.00678326
  0.00000000   0.01659511    -0.00000000   0.01659511    -0.02226288  -0.00000000
    4    3
 -0.06965510   0.00000000    -0.00396775   0.00000000    -0.00000000  -0.00012055
 -0.00396775   0.00000000    -0.06965510   0.00000000     0.00000000  -0.00012055
 -0.00000000   0.00618295     0.00000000   0.00618295    -0.09540837   0.00000000
    4    4
  0.08708812   0.00000000     0.01110022   0.00000000     0.00000000   0.00416661
  0.01110022   0.00000000     0.08708812   0.00000000    -0.00000000   0.00416661
  0.00000000  -0.00416661    -0.00000000  -0.00416661     0.27846217   0.00000000
    4    5
  0.01008941   0.00000000     0.00753839  -0.00000000    -0.00000000  -0.01650775
  0.00753839   0.00000000     0.01008941   0.00000000     0.00000000  -0.01650775
 -0.00000000  -0.01650775     0.00000000  -0.01650775    -0.05580101   0.00000000
    4    6
  0.00658879   0.00478704    -0.00099121  -0.00072016    -0.00178151   0.00245204
  0.00306494   0.00222681    -0.00416728  -0.00302771    -0.01520757   0.02093143
  0.00395891  -0.00544897    -0.00175079   0.00240975    -0.01717301  -0.01247692
    4    7
 -0.00416728   0.00302771     0.00306494  -0.00222681     0.01520757   0.02093143
 -0.00099121   0.00072016     0.00658879  -0.00478704     0.00178151   0.00245204
  0.00175079   0.00240975    -0.00395891  -0.00544897    -0.01717301   0.01247692
    5    1
 -0.00660732   0.00000000    -0.01630833   0.00000000     0.00000000   0.00678326
 -0.01630833   0.00000000    -0.00660732  -0.00000000    -0.00000000   0.00678326
  0.00000000  -0.01659511    -0.00000000  -0.01659511    -0.02226288   0.00000000
    5    2
 -0.01303193  -0.00000000    -0.00525827   0.00000000     0.00000000  -0.00606788
 -0.00525827   0.00000000    -0.01303193   0.00000000     0.00000000  -0.00606788
  0.00000000  -0.00459591     0.00000000  -0.00459591    -0.03988693   0.00000000
    5    3
 -0.06965510   0.00000000    -0.00396775   0.00000000    -0.00000000   0.00012055
 -0.00396775   0.00000000    -0.06965510   0.00000000     0.00000000   0.00012055
 -0.00000000  -0.00618295     0.00000000  -0.00618295    -0.09540837   0.00000000
    5    4
  0.01008941  -0.00000000     0.00753839   0.00000000    -0.00000000   0.01650775
  0.00753839   0.00000000     0.01008941   0.00000000     0.00000000   0.01650775
 -0.00000000   0.01650775     0.00000000   0.01650775    -0.05580101   0.00000000
    5    5
  0.08708812   0.00000000     0.01110022   0.00000000     0.00000000  -0.00416661
  0.01110022   0.00000000     0.08708812   0.00000000    -0.00000000  -0.00416661
  0.00000000   0.00416661    -0.00000000   0.00416661     0.27846217   0.00000000
    5    6
  0.00658879   0.00478704    -0.00099121  -0.00072016     0.00178151  -0.00245204
  0.00306494   0.00222681    -0.00416728  -0.00302771     0.01520757  -0.02093143
 -0.00395891   0.00544897     0.00175079  -0.00240975    -0.01717301  -0.01247692
    5    7
 -0.00416728   0.00302771     0.00306494  -0.00222681    -0.01520757  -0.02093143
 -0.00099121   0.00072016     0.00658879  -0.00478704    -0.00178151  -0.00245204
 -0.00175079  -0.00240975     0.00395891   0.00544897    -0.01717301   0.01247692
    6    1
 -0.01050774   0.00763432    -0.00371558   0.00269953     0.00016530   0.00022752
  0.00318982  -0.00231754     0.00057482  -0.00041763     0.00070741   0.00097366
 -0.00012956  -0.00017833    -0.00224169  -0.00308542    -0.00241280   0.00175300
    6    2
 -0.01050774   0.00763432    -0.00371558   0.00269953    -0.00016530  -0.00022752
  0.00318982  -0.00231754     0.00057482  -0.00041763    -0.00070741  -0.00097366
  0.00012956   0.00017833     0.00224169   0.00308542    -0.00241280   0.00175300
    6    3
 -0.03295000   0.02393958    -0.00177933   0.00129276     0.00000000   0.00000000
  0.02038859  -0.01481318    -0.34328023   0.24940768    -0.00000000  -0.00000000
  0.00000000   0.00000000     0.00000000   0.00000000    -0.05329038   0.03871773
    6    4
  0.00658879  -0.00478704     0.00306494  -0.00222681     0.00395891   0.00544897
 -0.00099121   0.00072016    -0.00416728   0.00302771    -0.00175079  -0.00240975
 -0.00178151  -0.00245204    -0.01520757  -0.02093143    -0.01717301   0.01247692
    6    5
  0.00658879  -0.00478704     0.00306494  -0.00222681    -0.00395891  -0.00544897
 -0.00099121   0.00072016    -0.00416728   0.00302771     0.00175079   0.00240975
  0.00178151   0.00245204     0.01520757   0.02093143    -0.01717301   0.01247692
    6    6
  0.10224398   0.00000000    -0.00791188   0.00000000     0.00000000   0.00000000
 -0.00791188   0.00000000     0.58938197   0.00000000    -0.00000000   0.00000000
  0.00000000   0.00000000    -0.00000000   0.00000000     0.10668632   0.00000000
    6    7
 -0.01023603   0.03150327     0.00950385  -0.02924986     0.00000000   0.00000000
  0.00414932  -0.01277029    -0.01023603   0.03150327    -0.00000000   0.00000000
  0.00000000   0.00000000    -0.00000000   0.00000000     0.00257662  -0.00793002
    7    1
  0.00057482   0.00041763     0.00318982   0.00231754    -0.00070741   0.00097366
 -0.00371558  -0.00269953    -0.01050774  -0.00763432    -0.00016530   0.00022752
  0.00224169  -0.00308542     0.00012956  -0.00017833    -0.00241280  -0.00175300
    7    2
  0.00057482   0.00041763     0.00318982   0.00231754     0.00070741  -0.00097366
 -0.00371558  -0.00269953    -0.01050774  -0.00763432     0.00016530  -0.00022752
 -0.00224169   0.00308542    -0.00012956   0.00017833    -0.00241280  -0.00175300
    7    3
 -0.34328023  -0.24940768     0.02038859   0.01481318     0.00000000   0.00000000
 -0.00177933  -0.00129276    -0.03295000  -0.02393958    -0.00000000  -0.00000000
  0.00000000   0.00000000    -0.00000000   0.00000000    -0.05329038  -0.03871773
    7    4
 -0.00416728  -0.00302771    -0.00099121  -0.00072016     0.00175079  -0.00240975
  0.00306494   0.00222681     0.00658879   0.00478704    -0.00395891   0.00544897
  0.01520757  -0.02093143     0.00178151  -0.00245204    -0.01717301  -0.01247692
    7    5
 -0.00416728  -0.00302771    -0.00099121  -0.00072016    -0.00175079   0.00240975
  0.00306494   0.00222681     0.00658879   0.00478704     0.00395891  -0.00544897
 -0.01520757   0.02093143    -0.00178151   0.00245204    -0.01717301  -0.01247692
    7    6
 -0.01023603  -0.03150327     0.00414932   0.01277029     0.00000000  -0.00000000
  0.00950385   0.02924986    -0.01023603  -0.03150327    -0.00000000   0.00000000
  0.00000000   0.00000000    -0.00000000   0.00000000     0.00257662   0.00793002
    7    7
  0.58938197   0.00000000    -0.00791188   0.00000000     0.00000000   0.00000000
 -0.00791188   0.00000000     0.10224398   0.00000000     0.00000000   0.00000000
  0.00000000   0.00000000    -0.00000000   0.00000000     0.10668632   0.00000000

     Dynamical  Matrix in cartesian axes

     q = (   -0.200000000  -0.200000000   0.000000000 ) 

    1    1
  0.09703500   0.00000000     0.00932413   0.00000000     0.00000000   0.00739297
  0.00932413   0.00000000     0.09703500  -0.00000000     0.00000000   0.00739297
  0.00000000  -0.00739297     0.00000000  -0.00739297     0.18471262   0.00000000
    1    2
 -0.00304226   0.00000000     0.01307649   0.00000000    -0.00000000  -0.02523859
  0.01307649   0.00000000    -0.00304226   0.00000000     0.00000000  -0.02523859
 -0.00000000  -0.02523859     0.00000000  -0.02523859    -0.04897698   0.00000000
    1    3
 -0.01793358   0.00000000     0.03376431  -0.00000000    -0.00000000   0.03999683
  0.03376431  -0.00000000    -0.01793358   0.00000000     0.00000000   0.03999683
 -0.00000000   0.03716821     0.00000000   0.03716821    -0.03868499   0.00000000
    1    4
 -0.01303193   0.00000000    -0.00525827   0.00000000    -0.00000000   0.00459591
 -0.00525827  -0.00000000    -0.01303193   0.00000000     0.00000000   0.00459591
  0.00000000   0.00606788     0.00000000   0.00606788    -0.03988693   0.00000000
    1    5
 -0.00660732   0.00000000    -0.01630833   0.00000000     0.00000000  -0.01659511
 -0.01630833   0.00000000    -0.00660732   0.00000000    -0.00000000  -0.01659511
  0.00000000   0.00678326    -0.00000000   0.00678326    -0.02226288   0.00000000
    1    6
 -0.01050774   0.00763432     0.00318982  -0.00231754    -0.00012956  -0.00017833
 -0.00371558   0.00269953     0.00057482  -0.00041763    -0.00224169  -0.00308542
  0.00016530   0.00022752     0.00070741   0.00097366    -0.00241280   0.00175300
    1    7
  0.00057482   0.00041763    -0.00371558  -0.00269953     0.00224169  -0.00308542
  0.00318982   0.00231754    -0.01050774  -0.00763432     0.00012956  -0.00017833
 -0.00070741   0.00097366    -0.00016530   0.00022752    -0.00241280  -0.00175300
    2    1
 -0.00304226   0.00000000     0.01307649   0.00000000    -0.00000000   0.02523859
  0.01307649   0.00000000    -0.00304226   0.00000000     0.00000000   0.02523859
 -0.00000000   0.02523859     0.00000000   0.02523859    -0.04897698   0.00000000
    2    2
  0.09703500  -0.00000000     0.00932413   0.00000000     0.00000000  -0.00739297
  0.00932413   0.00000000     0.09703500   0.00000000     0.00000000  -0.00739297
  0.00000000   0.00739297     0.00000000   0.00739297     0.18471262  -0.00000000
    2    3
 -0.01793358   0.00000000     0.03376431  -0.00000000    -0.00000000  -0.03999683
  0.03376431  -0.00000000    -0.01793358   0.00000000     0.00000000  -0.03999683
 -0.00000000  -0.03716821     0.00000000  -0.03716821    -0.03868499   0.00000000
    2    4
 -0.00660732   0.00000000    -0.01630833   0.00000000     0.00000000   0.01659511
 -0.01630833   0.00000000    -0.00660732   0.00000000    -0.00000000   0.01659511
  0.00000000  -0.00678326    -0.00000000  -0.00678326    -0.02226288  -0.00000000
    2    5
 -0.01303193   0.00000000    -0.00525827  -0.00000000     0.00000000  -0.00459591
 -0.00525827   0.00000000    -0.01303193   0.00000000     0.00000000  -0.00459591
  0.00000000  -0.00606788     0.00000000  -0.00606788    -0.03988693   0.00000000
    2    6
 -0.01050774   0.00763432     0.00318982  -0.00231754     0.00012956   0.00017833
 -0.00371558   0.00269953     0.00057482  -0.00041763     0.00224169   0.00308542
 -0.00016530  -0.00022752    -0.00070741  -0.00097366    -0.00241280   0.00175300
    2    7
  0.00057482   0.00041763    -0.00371558  -0.00269953    -0.00224169   0.00308542
  0.00318982   0.00231754    -0.01050774  -0.00763432    -0.00012956   0.00017833
  0.00070741  -0.00097366     0.00016530  -0.00022752    -0.00241280  -0.00175300
    3    1
 -0.01793358   0.00000000     0.03376431  -0.00000000    -0.00000000  -0.03716821
  0.03376431   0.00000000    -0.01793358   0.00000000     0.00000000  -0.03716821
 -0.00000000  -0.03999683     0.00000000  -0.03999683    -0.03868499   0.00000000
    3    2
 -0.01793358   0.00000000     0.03376431  -0.00000000    -0.00000000   0.03716821
  0.03376431   0.00000000    -0.01793358   0.00000000     0.00000000   0.03716821
 -0.00000000   0.03999683     0.00000000   0.03999683    -0.03868499   0.00000000
    3    3
  0.74610325   0.00000000     0.02637615   0.00000000     0.00000000   0.00000000
  0.02637615   0.00000000     0.74610325   0.00000000    -0.00000000   0.00000000
  0.00000000   0.00000000    -0.00000000   0.00000000     0.46821523   0.00000000
    3    4
 -0.06965510   0.00000000    -0.00396775   0.00000000    -0.00000000   0.00618295
 -0.00396775   0.00000000    -0.06965510   0.00000000     0.00000000   0.00618295
 -0.00000000  -0.00012055     0.00000000  -0.00012055    -0.09540837  -0.00000000
    3    5
 -0.06965510   0.00000000    -0.00396775   0.00000000    -0.00000000  -0.00618295
 -0.00396775   0.00000000    -0.06965510   0.00000000     0.00000000  -0.00618295
 -0.00000000   0.00012055     0.00000000   0.00012055    -0.09540837   0.00000000
    3    6
 -0.03295000   0.02393958     0.02038859  -0.01481318     0.00000000   0.00000000
 -0.00177933   0.00129276    -0.34328023   0.24940768    -0.00000000  -0.00000000
  0.00000000  -0.00000000    -0.00000000   0.00000000    -0.05329038   0.03871773
    3    7
 -0.34328023  -0.24940768    -0.00177933  -0.00129276     0.00000000  -0.00000000
  0.02038859   0.01481318    -0.03295000  -0.02393958    -0.00000000   0.00000000
  0.00000000  -0.00000000     0.00000000   0.00000000    -0.05329038  -0.03871773
    4    1
 -0.01303193  -0.00000000    -0.00525827   0.00000000     0.00000000  -0.00606788
 -0.00525827   0.00000000    -0.01303193   0.00000000     0.00000000  -0.00606788
  0.00000000  -0.00459591     0.00000000  -0.00459591    -0.03988693   0.00000000
    4    2
 -0.00660732   0.00000000    -0.01630833   0.00000000     0.00000000   0.00678326
 -0.01630833   0.00000000    -0.00660732  -0.00000000    -0.00000000   0.00678326
  0.00000000  -0.01659511    -0.00000000  -0.01659511    -0.02226288   0.00000000
    4    3
 -0.06965510   0.00000000    -0.00396775   0.00000000    -0.00000000   0.00012055
 -0.00396775   0.00000000    -0.06965510   0.00000000     0.00000000   0.00012055
 -0.00000000  -0.00618295     0.00000000  -0.00618295    -0.09540837   0.00000000
    4    4
  0.08708812   0.00000000     0.01110022   0.00000000     0.00000000  -0.00416661
  0.01110022   0.00000000     0.08708812   0.00000000    -0.00000000  -0.00416661
  0.00000000   0.00416661    -0.00000000   0.00416661     0.27846217   0.00000000
    4    5
  0.01008941  -0.00000000     0.00753839   0.00000000    -0.00000000   0.01650775
  0.00753839   0.00000000     0.01008941   0.00000000     0.00000000   0.01650775
 -0.00000000   0.01650775     0.00000000   0.01650775    -0.05580101   0.00000000
    4    6
  0.00658879  -0.00478704    -0.00099121   0.00072016    -0.00178151  -0.00245204
  0.00306494  -0.00222681    -0.00416728   0.00302771    -0.01520757  -0.02093143
  0.00395891   0.00544897    -0.00175079  -0.00240975    -0.01717301   0.01247692
    4    7
 -0.00416728  -0.00302771     0.00306494   0.00222681     0.01520757  -0.02093143
 -0.00099121  -0.00072016     0.00658879   0.00478704     0.00178151  -0.00245204
  0.00175079  -0.00240975    -0.00395891   0.00544897    -0.01717301  -0.01247692
    5    1
 -0.00660732   0.00000000    -0.01630833   0.00000000     0.00000000  -0.00678326
 -0.01630833   0.00000000    -0.00660732  -0.00000000    -0.00000000  -0.00678326
  0.00000000   0.01659511    -0.00000000   0.01659511    -0.02226288  -0.00000000
    5    2
 -0.01303193   0.00000000    -0.00525827   0.00000000     0.00000000   0.00606788
 -0.00525827   0.00000000    -0.01303193   0.00000000     0.00000000   0.00606788
  0.00000000   0.00459591     0.00000000   0.00459591    -0.03988693   0.00000000
    5    3
 -0.06965510   0.00000000    -0.00396775   0.00000000    -0.00000000  -0.00012055
 -0.00396775   0.00000000    -0.06965510   0.00000000     0.00000000  -0.00012055
 -0.00000000   0.00618295     0.00000000   0.00618295    -0.09540837   0.00000000
    5    4
  0.01008941   0.00000000     0.00753839  -0.00000000    -0.00000000  -0.01650775
  0.00753839   0.00000000     0.01008941   0.00000000     0.00000000  -0.01650775
 -0.00000000  -0.01650775     0.00000000  -0.01650775    -0.05580101   0.00000000
    5    5
  0.08708812   0.00000000     0.01110022   0.00000000     0.00000000   0.00416661
  0.01110022   0.00000000     0.08708812   0.00000000    -0.00000000   0.00416661
  0.00000000  -0.00416661    -0.00000000  -0.00416661     0.27846217   0.00000000
    5    6
  0.00658879  -0.00478704    -0.00099121   0.00072016     0.00178151   0.00245204
  0.00306494  -0.00222681    -0.00416728   0.00302771     0.01520757   0.02093143
 -0.00395891  -0.00544897     0.00175079   0.00240975    -0.01717301   0.01247692
    5    7
 -0.00416728  -0.00302771     0.00306494   0.00222681    -0.01520757   0.02093143
 -0.00099121  -0.00072016     0.00658879   0.00478704    -0.00178151   0.00245204
 -0.00175079   0.00240975     0.00395891  -0.00544897    -0.01717301  -0.01247692
    6    1
 -0.01050774  -0.00763432    -0.00371558  -0.00269953     0.00016530  -0.00022752
  0.00318982   0.00231754     0.00057482   0.00041763     0.00070741  -0.00097366
 -0.00012956   0.00017833    -0.00224169   0.00308542    -0.00241280  -0.00175300
    6    2
 -0.01050774  -0.00763432    -0.00371558  -0.00269953    -0.00016530   0.00022752
  0.00318982   0.00231754     0.00057482   0.00041763    -0.00070741   0.00097366
  0.00012956  -0.00017833     0.00224169  -0.00308542    -0.00241280  -0.00175300
    6    3
 -0.03295000  -0.02393958    -0.00177933  -0.00129276     0.00000000   0.00000000
  0.02038859   0.01481318    -0.34328023  -0.24940768     0.00000000  -0.00000000
  0.00000000   0.00000000     0.00000000   0.00000000    -0.05329038  -0.03871773
    6    4
  0.00658879   0.00478704     0.00306494   0.00222681     0.00395891  -0.00544897
 -0.00099121  -0.00072016    -0.00416728  -0.00302771    -0.00175079   0.00240975
 -0.00178151   0.00245204    -0.01520757   0.02093143    -0.01717301  -0.01247692
    6    5
  0.00658879   0.00478704     0.00306494   0.00222681    -0.00395891   0.00544897
 -0.00099121  -0.00072016    -0.00416728  -0.00302771     0.00175079  -0.00240975
  0.00178151  -0.00245204     0.01520757  -0.02093143    -0.01717301  -0.01247692
    6    6
  0.10224398   0.00000000    -0.00791188   0.00000000     0.00000000   0.00000000
 -0.00791188   0.00000000     0.58938197   0.00000000    -0.00000000   0.00000000
  0.00000000   0.00000000    -0.00000000   0.00000000     0.10668632   0.00000000
    6    7
 -0.01023603  -0.03150327     0.00950385   0.02924986     0.00000000   0.00000000
  0.00414932   0.01277029    -0.01023603  -0.03150327    -0.00000000   0.00000000
  0.00000000   0.00000000    -0.00000000   0.00000000     0.00257662   0.00793002
    7    1
  0.00057482  -0.00041763     0.00318982  -0.00231754    -0.00070741  -0.00097366
 -0.00371558   0.00269953    -0.01050774   0.00763432    -0.00016530  -0.00022752
  0.00224169   0.00308542     0.00012956   0.00017833    -0.00241280   0.00175300
    7    2
  0.00057482  -0.00041763     0.00318982  -0.00231754     0.00070741   0.00097366
 -0.00371558   0.00269953    -0.01050774   0.00763432     0.00016530   0.00022752
 -0.00224169  -0.00308542    -0.00012956  -0.00017833    -0.00241280   0.00175300
    7    3
 -0.34328023   0.24940768     0.02038859  -0.01481318     0.00000000   0.00000000
 -0.00177933   0.00129276    -0.03295000   0.02393958    -0.00000000  -0.00000000
  0.00000000   0.00000000     0.00000000   0.00000000    -0.05329038   0.03871773
    7    4
 -0.00416728   0.00302771    -0.00099121   0.00072016     0.00175079   0.00240975
  0.00306494  -0.00222681     0.00658879  -0.00478704    -0.00395891  -0.00544897
  0.01520757   0.02093143     0.00178151   0.00245204    -0.01717301   0.01247692
    7    5
 -0.00416728   0.00302771    -0.00099121   0.00072016    -0.00175079  -0.00240975
  0.00306494  -0.00222681     0.00658879  -0.00478704     0.00395891   0.00544897
 -0.01520757  -0.02093143    -0.00178151  -0.00245204    -0.01717301   0.01247692
    7    6
 -0.01023603   0.03150327     0.00414932  -0.01277029     0.00000000   0.00000000
  0.00950385  -0.02924986    -0.01023603   0.03150327    -0.00000000  -0.00000000
  0.00000000   0.00000000    -0.00000000   0.00000000     0.00257662  -0.00793002
    7    7
  0.58938197   0.00000000    -0.00791188   0.00000000     0.00000000   0.00000000
 -0.00791188   0.00000000     0.10224398   0.00000000     0.00000000   0.00000000
  0.00000000   0.00000000    -0.00000000   0.00000000     0.10668632   0.00000000

     Dynamical  Matrix in cartesian axes

     q = (   -0.200000000   0.200000000   0.000000000 ) 

    1    1
  0.09703500   0.00000000    -0.00932413   0.00000000     0.00000000   0.00739297
 -0.00932413   0.00000000     0.09703500   0.00000000     0.00000000  -0.00739297
  0.00000000  -0.00739297     0.00000000   0.00739297     0.18471262   0.00000000
    1    2
 -0.00304226   0.00000000    -0.01307649   0.00000000     0.00000000  -0.02523859
 -0.01307649   0.00000000    -0.00304226   0.00000000     0.00000000   0.02523859
  0.00000000  -0.02523859     0.00000000   0.02523859    -0.04897698   0.00000000
    1    3
 -0.01793358   0.00000000    -0.03376431   0.00000000    -0.00000000   0.03999683
 -0.03376431   0.00000000    -0.01793358   0.00000000     0.00000000  -0.03999683
 -0.00000000   0.03716821     0.00000000  -0.03716821    -0.03868499  -0.00000000
    1    4
 -0.01303193   0.00000000     0.00525827   0.00000000     0.00000000   0.00459591
  0.00525827   0.00000000    -0.01303193   0.00000000     0.00000000  -0.00459591
  0.00000000   0.00606788     0.00000000  -0.00606788    -0.03988693  -0.00000000
    1    5
 -0.00660732  -0.00000000     0.01630833   0.00000000     0.00000000  -0.01659511
  0.01630833   0.00000000    -0.00660732  -0.00000000     0.00000000   0.01659511
  0.00000000   0.00678326     0.00000000  -0.00678326    -0.02226288  -0.00000000
    1    6
 -0.01050774  -0.00763432    -0.00318982  -0.00231754     0.00012956  -0.00017833
  0.00371558   0.00269953     0.00057482   0.00041763    -0.00224169   0.00308542
 -0.00016530   0.00022752     0.00070741  -0.00097366    -0.00241280  -0.00175300
    1    7
  0.00057482   0.00041763     0.00371558   0.00269953     0.00224169  -0.00308542
 -0.00318982  -0.00231754    -0.01050774  -0.00763432    -0.00012956   0.00017833
 -0.00070741   0.00097366     0.00016530  -0.00022752    -0.00241280  -0.00175300
    2    1
 -0.00304226   0.00000000    -0.01307649   0.00000000     0.00000000   0.02523859
 -0.01307649   0.00000000    -0.00304226   0.00000000     0.00000000  -0.02523859
  0.00000000   0.02523859     0.00000000  -0.02523859    -0.04897698   0.00000000
    2    2
  0.09703500   0.00000000    -0.00932413   0.00000000     0.00000000  -0.00739297
 -0.00932413   0.00000000     0.09703500   0.00000000     0.00000000   0.00739297
  0.00000000   0.00739297     0.00000000  -0.00739297     0.18471262   0.00000000
    2    3
 -0.01793358   0.00000000    -0.03376431   0.00000000    -0.00000000  -0.03999683
 -0.03376431   0.00000000    -0.01793358   0.00000000     0.00000000   0.03999683
 -0.00000000  -0.03716821     0.00000000   0.03716821    -0.03868499  -0.00000000
    2    4
 -0.00660732  -0.00000000     0.01630833   0.00000000     0.00000000   0.01659511
  0.01630833   0.00000000    -0.00660732  -0.00000000     0.00000000  -0.01659511
  0.00000000  -0.00678326     0.00000000   0.00678326    -0.02226288  -0.00000000
    2    5
 -0.01303193   0.00000000     0.00525827   0.00000000    -0.00000000  -0.00459591
  0.00525827   0.00000000    -0.01303193   0.00000000     0.00000000   0.00459591
 -0.00000000  -0.00606788     0.00000000   0.00606788    -0.03988693  -0.00000000
    2    6
 -0.01050774  -0.00763432    -0.00318982  -0.00231754    -0.00012956   0.00017833
  0.00371558   0.00269953     0.00057482   0.00041763     0.00224169  -0.00308542
  0.00016530  -0.00022752    -0.00070741   0.00097366    -0.00241280  -0.00175300
    2    7
  0.00057482   0.00041763     0.00371558   0.00269953    -0.00224169   0.00308542
 -0.00318982  -0.00231754    -0.01050774  -0.00763432     0.00012956  -0.00017833
  0.00070741  -0.00097366    -0.00016530   0.00022752    -0.00241280  -0.00175300
    3    1
 -0.01793358   0.00000000    -0.03376431  -0.00000000    -0.00000000  -0.03716821
 -0.03376431   0.00000000    -0.01793358   0.00000000     0.00000000   0.03716821
 -0.00000000  -0.03999683     0.00000000   0.03999683    -0.03868499  -0.00000000
    3    2
 -0.01793358   0.00000000    -0.03376431   0.00000000    -0.00000000   0.03716821
 -0.03376431  -0.00000000    -0.01793358   0.00000000     0.00000000  -0.03716821
 -0.00000000   0.03999683     0.00000000  -0.03999683    -0.03868499  -0.00000000
    3    3
  0.74610325   0.00000000    -0.02637615   0.00000000     0.00000000   0.00000000
 -0.02637615   0.00000000     0.74610325   0.00000000     0.00000000   0.00000000
  0.00000000   0.00000000     0.00000000   0.00000000     0.46821523   0.00000000
    3    4
 -0.06965510  -0.00000000     0.00396775  -0.00000000     0.00000000   0.00618295
  0.00396775  -0.00000000    -0.06965510  -0.00000000     0.00000000  -0.00618295
  0.00000000  -0.00012055     0.00000000   0.00012055    -0.09540837  -0.00000000
    3    5
 -0.06965510  -0.00000000     0.00396775  -0.00000000     0.00000000  -0.00618295
  0.00396775  -0.00000000    -0.06965510  -0.00000000     0.00000000   0.00618295
  0.00000000   0.00012055     0.00000000  -0.00012055    -0.09540837  -0.00000000
    3    6
 -0.03295000  -0.02393958    -0.02038859  -0.01481318    -0.00000000   0.00000000
  0.00177933   0.00129276    -0.34328023  -0.24940768     0.00000000  -0.00000000
 -0.00000000  -0.00000000     0.00000000   0.00000000    -0.05329038  -0.03871773
    3    7
 -0.34328023  -0.24940768     0.00177933   0.00129276     0.00000000  -0.00000000
 -0.02038859  -0.01481318    -0.03295000  -0.02393958    -0.00000000   0.00000000
  0.00000000  -0.00000000    -0.00000000   0.00000000    -0.05329038  -0.03871773
    4    1
 -0.01303193   0.00000000     0.00525827  -0.00000000    -0.00000000  -0.00606788
  0.00525827  -0.00000000    -0.01303193  -0.00000000     0.00000000   0.00606788
 -0.00000000  -0.00459591     0.00000000   0.00459591    -0.03988693  -0.00000000
    4    2
 -0.00660732   0.00000000     0.01630833   0.00000000    -0.00000000   0.00678326
  0.01630833   0.00000000    -0.00660732   0.00000000     0.00000000  -0.00678326
  0.00000000  -0.01659511     0.00000000   0.01659511    -0.02226288   0.00000000
    4    3
 -0.06965510   0.00000000     0.00396775   0.00000000     0.00000000   0.00012055
  0.00396775   0.00000000    -0.06965510   0.00000000     0.00000000  -0.00012055
  0.00000000  -0.00618295     0.00000000   0.00618295    -0.09540837   0.00000000
    4    4
  0.08708812   0.00000000    -0.01110022   0.00000000     0.00000000  -0.00416661
 -0.01110022   0.00000000     0.08708812   0.00000000    -0.00000000   0.00416661
  0.00000000   0.00416661    -0.00000000  -0.00416661     0.27846217   0.00000000
    4    5
  0.01008941   0.00000000    -0.00753839  -0.00000000     0.00000000   0.01650775
 -0.00753839  -0.00000000     0.01008941  -0.00000000    -0.00000000  -0.01650775
  0.00000000   0.01650775    -0.00000000  -0.01650775    -0.05580101   0.00000000
    4    6
  0.00658879   0.00478704     0.00099121   0.00072016     0.00178151  -0.00245204
 -0.00306494  -0.00222681    -0.00416728  -0.00302771    -0.01520757   0.02093143
 -0.00395891   0.00544897    -0.00175079   0.00240975    -0.01717301  -0.01247692
    4    7
 -0.00416728  -0.00302771    -0.00306494  -0.00222681     0.01520757  -0.02093143
  0.00099121   0.00072016     0.00658879   0.00478704    -0.00178151   0.00245204
  0.00175079  -0.00240975     0.00395891  -0.00544897    -0.01717301  -0.01247692
    5    1
 -0.00660732   0.00000000     0.01630833   0.00000000     0.00000000  -0.00678326
  0.01630833   0.00000000    -0.00660732  -0.00000000     0.00000000   0.00678326
  0.00000000   0.01659511     0.00000000  -0.01659511    -0.02226288   0.00000000
    5    2
 -0.01303193  -0.00000000     0.00525827   0.00000000    -0.00000000   0.00606788
  0.00525827  -0.00000000    -0.01303193  -0.00000000     0.00000000  -0.00606788
 -0.00000000   0.00459591     0.00000000  -0.00459591    -0.03988693  -0.00000000
    5    3
 -0.06965510   0.00000000     0.00396775   0.00000000     0.00000000  -0.00012055
  0.00396775   0.00000000    -0.06965510   0.00000000     0.00000000   0.00012055
  0.00000000   0.00618295     0.00000000  -0.00618295    -0.09540837   0.00000000
    5    4
  0.01008941  -0.00000000    -0.00753839  -0.00000000     0.00000000  -0.01650775
 -0.00753839   0.00000000     0.01008941  -0.00000000    -0.00000000   0.01650775
  0.00000000  -0.01650775    -0.00000000   0.01650775    -0.05580101   0.00000000
    5    5
  0.08708812   0.00000000    -0.01110022   0.00000000     0.00000000   0.00416661
 -0.01110022   0.00000000     0.08708812   0.00000000    -0.00000000  -0.00416661
  0.00000000  -0.00416661    -0.00000000   0.00416661     0.27846217   0.00000000
    5    6
  0.00658879   0.00478704     0.00099121   0.00072016    -0.00178151   0.00245204
 -0.00306494  -0.00222681    -0.00416728  -0.00302771     0.01520757  -0.02093143
  0.00395891  -0.00544897     0.00175079  -0.00240975    -0.01717301  -0.01247692
    5    7
 -0.00416728  -0.00302771    -0.00306494  -0.00222681    -0.01520757   0.02093143
  0.00099121   0.00072016     0.00658879   0.00478704     0.00178151  -0.00245204
 -0.00175079   0.00240975    -0.00395891   0.00544897    -0.01717301  -0.01247692
    6    1
 -0.01050774   0.00763432     0.00371558  -0.00269953    -0.00016530  -0.00022752
 -0.00318982   0.00231754     0.00057482  -0.00041763     0.00070741   0.00097366
  0.00012956   0.00017833    -0.00224169  -0.00308542    -0.00241280   0.00175300
    6    2
 -0.01050774   0.00763432     0.00371558  -0.00269953     0.00016530   0.00022752
 -0.00318982   0.00231754     0.00057482  -0.00041763    -0.00070741  -0.00097366
 -0.00012956  -0.00017833     0.00224169   0.00308542    -0.00241280   0.00175300
    6    3
 -0.03295000   0.02393958     0.00177933  -0.00129276     0.00000000  -0.00000000
 -0.02038859   0.01481318    -0.34328023   0.24940768    -0.00000000   0.00000000
  0.00000000   0.00000000    -0.00000000  -0.00000000    -0.05329038   0.03871773
    6    4
  0.00658879  -0.00478704    -0.00306494   0.00222681    -0.00395891  -0.00544897
  0.00099121  -0.00072016    -0.00416728   0.00302771    -0.00175079  -0.00240975
  0.00178151   0.00245204    -0.01520757  -0.02093143    -0.01717301   0.01247692
    6    5
  0.00658879  -0.00478704    -0.00306494   0.00222681     0.00395891   0.00544897
  0.00099121  -0.00072016    -0.00416728   0.00302771     0.00175079   0.00240975
 -0.00178151  -0.00245204     0.01520757   0.02093143    -0.01717301   0.01247692
    6    6
  0.10224398   0.00000000     0.00791188   0.00000000    -0.00000000   0.00000000
  0.00791188   0.00000000     0.58938197   0.00000000     0.00000000   0.00000000
  0.00000000   0.00000000     0.00000000   0.00000000     0.10668632   0.00000000
    6    7
 -0.03312450  -0.00000000    -0.03075512   0.00000000     0.00000000   0.00000000
 -0.01342748  -0.00000000    -0.03312450  -0.00000000     0.00000000  -0.00000000
  0.00000000   0.00000000    -0.00000000  -0.00000000     0.00833812  -0.00000000
    7    1
  0.00057482  -0.00041763    -0.00318982   0.00231754    -0.00070741  -0.00097366
  0.00371558  -0.00269953    -0.01050774   0.00763432     0.00016530   0.00022752
  0.00224169   0.00308542    -0.00012956  -0.00017833    -0.00241280   0.00175300
    7    2
  0.00057482  -0.00041763    -0.00318982   0.00231754     0.00070741   0.00097366
  0.00371558  -0.00269953    -0.01050774   0.00763432    -0.00016530  -0.00022752
 -0.00224169  -0.00308542     0.00012956   0.00017833    -0.00241280   0.00175300
    7    3
 -0.34328023   0.24940768    -0.02038859   0.01481318     0.00000000  -0.00000000
  0.00177933  -0.00129276    -0.03295000   0.02393958     0.00000000   0.00000000
 -0.00000000   0.00000000     0.00000000  -0.00000000    -0.05329038   0.03871773
    7    4
 -0.00416728   0.00302771     0.00099121  -0.00072016     0.00175079   0.00240975
 -0.00306494   0.00222681     0.00658879  -0.00478704     0.00395891   0.00544897
  0.01520757   0.02093143    -0.00178151  -0.00245204    -0.01717301   0.01247692
    7    5
 -0.00416728   0.00302771     0.00099121  -0.00072016    -0.00175079  -0.00240975
 -0.00306494   0.00222681     0.00658879  -0.00478704    -0.00395891  -0.00544897
 -0.01520757  -0.02093143     0.00178151   0.00245204    -0.01717301   0.01247692
    7    6
 -0.03312450  -0.00000000    -0.01342748  -0.00000000     0.00000000   0.00000000
 -0.03075512   0.00000000    -0.03312450  -0.00000000    -0.00000000  -0.00000000
  0.00000000   0.00000000    -0.00000000  -0.00000000     0.00833812  -0.00000000
    7    7
  0.58938197   0.00000000     0.00791188   0.00000000    -0.00000000   0.00000000
  0.00791188   0.00000000     0.10224398   0.00000000     0.00000000   0.00000000
 -0.00000000   0.00000000     0.00000000   0.00000000     0.10668632   0.00000000

     Dynamical  Matrix in cartesian axes

     q = (    0.200000000  -0.200000000  -0.000000000 ) 

    1    1
  0.09703500   0.00000000    -0.00932413   0.00000000     0.00000000  -0.00739297
 -0.00932413   0.00000000     0.09703500   0.00000000     0.00000000   0.00739297
  0.00000000   0.00739297     0.00000000  -0.00739297     0.18471262   0.00000000
    1    2
 -0.00304226   0.00000000    -0.01307649   0.00000000     0.00000000   0.02523859
 -0.01307649   0.00000000    -0.00304226   0.00000000     0.00000000  -0.02523859
  0.00000000   0.02523859     0.00000000  -0.02523859    -0.04897698   0.00000000
    1    3
 -0.01793358   0.00000000    -0.03376431   0.00000000    -0.00000000  -0.03999683
 -0.03376431   0.00000000    -0.01793358   0.00000000     0.00000000   0.03999683
 -0.00000000  -0.03716821     0.00000000   0.03716821    -0.03868499  -0.00000000
    1    4
 -0.01303193   0.00000000     0.00525827   0.00000000    -0.00000000  -0.00459591
  0.00525827   0.00000000    -0.01303193   0.00000000     0.00000000   0.00459591
 -0.00000000  -0.00606788     0.00000000   0.00606788    -0.03988693  -0.00000000
    1    5
 -0.00660732  -0.00000000     0.01630833   0.00000000     0.00000000   0.01659511
  0.01630833   0.00000000    -0.00660732  -0.00000000     0.00000000  -0.01659511
  0.00000000  -0.00678326     0.00000000   0.00678326    -0.02226288  -0.00000000
    1    6
 -0.01050774   0.00763432    -0.00318982   0.00231754     0.00012956   0.00017833
  0.00371558  -0.00269953     0.00057482  -0.00041763    -0.00224169  -0.00308542
 -0.00016530  -0.00022752     0.00070741   0.00097366    -0.00241280   0.00175300
    1    7
  0.00057482  -0.00041763     0.00371558  -0.00269953     0.00224169   0.00308542
 -0.00318982   0.00231754    -0.01050774   0.00763432    -0.00012956  -0.00017833
 -0.00070741  -0.00097366     0.00016530   0.00022752    -0.00241280   0.00175300
    2    1
 -0.00304226   0.00000000    -0.01307649   0.00000000     0.00000000  -0.02523859
 -0.01307649   0.00000000    -0.00304226   0.00000000     0.00000000   0.02523859
  0.00000000  -0.02523859     0.00000000   0.02523859    -0.04897698   0.00000000
    2    2
  0.09703500   0.00000000    -0.00932413   0.00000000     0.00000000   0.00739297
 -0.00932413   0.00000000     0.09703500   0.00000000     0.00000000  -0.00739297
  0.00000000  -0.00739297     0.00000000   0.00739297     0.18471262   0.00000000
    2    3
 -0.01793358   0.00000000    -0.03376431   0.00000000    -0.00000000   0.03999683
 -0.03376431   0.00000000    -0.01793358   0.00000000     0.00000000  -0.03999683
 -0.00000000   0.03716821     0.00000000  -0.03716821    -0.03868499  -0.00000000
    2    4
 -0.00660732  -0.00000000     0.01630833   0.00000000     0.00000000  -0.01659511
  0.01630833   0.00000000    -0.00660732  -0.00000000     0.00000000   0.01659511
  0.00000000   0.00678326     0.00000000  -0.00678326    -0.02226288  -0.00000000
    2    5
 -0.01303193   0.00000000     0.00525827   0.00000000     0.00000000   0.00459591
  0.00525827   0.00000000    -0.01303193   0.00000000     0.00000000  -0.00459591
 -0.00000000   0.00606788     0.00000000  -0.00606788    -0.03988693  -0.00000000
    2    6
 -0.01050774   0.00763432    -0.00318982   0.00231754    -0.00012956  -0.00017833
  0.00371558  -0.00269953     0.00057482  -0.00041763     0.00224169   0.00308542
  0.00016530   0.00022752    -0.00070741  -0.00097366    -0.00241280   0.00175300
    2    7
  0.00057482  -0.00041763     0.00371558  -0.00269953    -0.00224169  -0.00308542
 -0.00318982   0.00231754    -0.01050774   0.00763432     0.00012956   0.00017833
  0.00070741   0.00097366    -0.00016530  -0.00022752    -0.00241280   0.00175300
    3    1
 -0.01793358   0.00000000    -0.03376431   0.00000000    -0.00000000   0.03716821
 -0.03376431   0.00000000    -0.01793358  -0.00000000     0.00000000  -0.03716821
 -0.00000000   0.03999683     0.00000000  -0.03999683    -0.03868499  -0.00000000
    3    2
 -0.01793358   0.00000000    -0.03376431  -0.00000000    -0.00000000  -0.03716821
 -0.03376431   0.00000000    -0.01793358   0.00000000     0.00000000   0.03716821
 -0.00000000  -0.03999683     0.00000000   0.03999683    -0.03868499  -0.00000000
    3    3
  0.74610325   0.00000000    -0.02637615   0.00000000     0.00000000   0.00000000
 -0.02637615   0.00000000     0.74610325   0.00000000     0.00000000   0.00000000
  0.00000000   0.00000000     0.00000000   0.00000000     0.46821523   0.00000000
    3    4
 -0.06965510  -0.00000000     0.00396775  -0.00000000     0.00000000  -0.00618295
  0.00396775  -0.00000000    -0.06965510  -0.00000000     0.00000000   0.00618295
  0.00000000   0.00012055     0.00000000  -0.00012055    -0.09540837  -0.00000000
    3    5
 -0.06965510  -0.00000000     0.00396775  -0.00000000     0.00000000   0.00618295
  0.00396775  -0.00000000    -0.06965510  -0.00000000     0.00000000  -0.00618295
  0.00000000  -0.00012055     0.00000000   0.00012055    -0.09540837  -0.00000000
    3    6
 -0.03295000   0.02393958    -0.02038859   0.01481318     0.00000000  -0.00000000
  0.00177933  -0.00129276    -0.34328023   0.24940768    -0.00000000   0.00000000
  0.00000000   0.00000000    -0.00000000  -0.00000000    -0.05329038   0.03871773
    3    7
 -0.34328023   0.24940768     0.00177933  -0.00129276     0.00000000   0.00000000
 -0.02038859   0.01481318    -0.03295000   0.02393958    -0.00000000  -0.00000000
  0.00000000   0.00000000    -0.00000000   0.00000000    -0.05329038   0.03871773
    4    1
 -0.01303193  -0.00000000     0.00525827  -0.00000000     0.00000000   0.00606788
  0.00525827  -0.00000000    -0.01303193  -0.00000000     0.00000000  -0.00606788
  0.00000000   0.00459591     0.00000000  -0.00459591    -0.03988693  -0.00000000
    4    2
 -0.00660732   0.00000000     0.01630833   0.00000000    -0.00000000  -0.00678326
  0.01630833   0.00000000    -0.00660732  -0.00000000     0.00000000   0.00678326
 -0.00000000   0.01659511     0.00000000  -0.01659511    -0.02226288   0.00000000
    4    3
 -0.06965510   0.00000000     0.00396775   0.00000000     0.00000000  -0.00012055
  0.00396775   0.00000000    -0.06965510   0.00000000     0.00000000   0.00012055
  0.00000000   0.00618295     0.00000000  -0.00618295    -0.09540837   0.00000000
    4    4
  0.08708812   0.00000000    -0.01110022   0.00000000     0.00000000   0.00416661
 -0.01110022   0.00000000     0.08708812   0.00000000    -0.00000000  -0.00416661
  0.00000000  -0.00416661    -0.00000000   0.00416661     0.27846217   0.00000000
    4    5
  0.01008941  -0.00000000    -0.00753839  -0.00000000     0.00000000  -0.01650775
 -0.00753839   0.00000000     0.01008941  -0.00000000     0.00000000   0.01650775
  0.00000000  -0.01650775     0.00000000   0.01650775    -0.05580101   0.00000000
    4    6
  0.00658879  -0.00478704     0.00099121  -0.00072016     0.00178151   0.00245204
 -0.00306494   0.00222681    -0.00416728   0.00302771    -0.01520757  -0.02093143
 -0.00395891  -0.00544897    -0.00175079  -0.00240975    -0.01717301   0.01247692
    4    7
 -0.00416728   0.00302771    -0.00306494   0.00222681     0.01520757   0.02093143
  0.00099121  -0.00072016     0.00658879  -0.00478704    -0.00178151  -0.00245204
  0.00175079   0.00240975     0.00395891   0.00544897    -0.01717301   0.01247692
    5    1
 -0.00660732   0.00000000     0.01630833   0.00000000     0.00000000   0.00678326
  0.01630833   0.00000000    -0.00660732  -0.00000000     0.00000000  -0.00678326
  0.00000000  -0.01659511     0.00000000   0.01659511    -0.02226288   0.00000000
    5    2
 -0.01303193  -0.00000000     0.00525827   0.00000000    -0.00000000  -0.00606788
  0.00525827   0.00000000    -0.01303193  -0.00000000     0.00000000   0.00606788
 -0.00000000  -0.00459591     0.00000000   0.00459591    -0.03988693  -0.00000000
    5    3
 -0.06965510   0.00000000     0.00396775   0.00000000     0.00000000   0.00012055
  0.00396775   0.00000000    -0.06965510   0.00000000     0.00000000  -0.00012055
  0.00000000  -0.00618295     0.00000000   0.00618295    -0.09540837   0.00000000
    5    4
  0.01008941   0.00000000    -0.00753839  -0.00000000     0.00000000   0.01650775
 -0.00753839  -0.00000000     0.01008941  -0.00000000    -0.00000000  -0.01650775
  0.00000000   0.01650775    -0.00000000  -0.01650775    -0.05580101   0.00000000
    5    5
  0.08708812   0.00000000    -0.01110022   0.00000000     0.00000000  -0.00416661
 -0.01110022   0.00000000     0.08708812   0.00000000    -0.00000000   0.00416661
  0.00000000   0.00416661    -0.00000000  -0.00416661     0.27846217   0.00000000
    5    6
  0.00658879  -0.00478704     0.00099121  -0.00072016    -0.00178151  -0.00245204
 -0.00306494   0.00222681    -0.00416728   0.00302771     0.01520757   0.02093143
  0.00395891   0.00544897     0.00175079   0.00240975    -0.01717301   0.01247692
    5    7
 -0.00416728   0.00302771    -0.00306494   0.00222681    -0.01520757  -0.02093143
  0.00099121  -0.00072016     0.00658879  -0.00478704     0.00178151   0.00245204
 -0.00175079  -0.00240975    -0.00395891  -0.00544897    -0.01717301   0.01247692
    6    1
 -0.01050774  -0.00763432     0.00371558   0.00269953    -0.00016530   0.00022752
 -0.00318982  -0.00231754     0.00057482   0.00041763     0.00070741  -0.00097366
  0.00012956  -0.00017833    -0.00224169   0.00308542    -0.00241280  -0.00175300
    6    2
 -0.01050774  -0.00763432     0.00371558   0.00269953     0.00016530  -0.00022752
 -0.00318982  -0.00231754     0.00057482   0.00041763    -0.00070741   0.00097366
 -0.00012956   0.00017833     0.00224169  -0.00308542    -0.00241280  -0.00175300
    6    3
 -0.03295000  -0.02393958     0.00177933   0.00129276     0.00000000  -0.00000000
 -0.02038859  -0.01481318    -0.34328023  -0.24940768    -0.00000000   0.00000000
  0.00000000   0.00000000    -0.00000000  -0.00000000    -0.05329038  -0.03871773
    6    4
  0.00658879   0.00478704    -0.00306494  -0.00222681    -0.00395891   0.00544897
  0.00099121   0.00072016    -0.00416728  -0.00302771    -0.00175079   0.00240975
  0.00178151  -0.00245204    -0.01520757   0.02093143    -0.01717301  -0.01247692
    6    5
  0.00658879   0.00478704    -0.00306494  -0.00222681     0.00395891  -0.00544897
  0.00099121   0.00072016    -0.00416728  -0.00302771     0.00175079  -0.00240975
 -0.00178151   0.00245204     0.01520757  -0.02093143    -0.01717301  -0.01247692
    6    6
  0.10224398   0.00000000     0.00791188   0.00000000     0.00000000   0.00000000
  0.00791188   0.00000000     0.58938197   0.00000000     0.00000000   0.00000000
 -0.00000000   0.00000000     0.00000000   0.00000000     0.10668632   0.00000000
    6    7
 -0.03312450  -0.00000000    -0.03075512   0.00000000     0.00000000   0.00000000
 -0.01342748  -0.00000000    -0.03312450  -0.00000000     0.00000000  -0.00000000
  0.00000000   0.00000000    -0.00000000  -0.00000000     0.00833812  -0.00000000
    7    1
  0.00057482   0.00041763    -0.00318982  -0.00231754    -0.00070741   0.00097366
  0.00371558   0.00269953    -0.01050774  -0.00763432     0.00016530  -0.00022752
  0.00224169  -0.00308542    -0.00012956   0.00017833    -0.00241280  -0.00175300
    7    2
  0.00057482   0.00041763    -0.00318982  -0.00231754     0.00070741  -0.00097366
  0.00371558   0.00269953    -0.01050774  -0.00763432    -0.00016530   0.00022752
 -0.00224169   0.00308542     0.00012956  -0.00017833    -0.00241280  -0.00175300
    7    3
 -0.34328023  -0.24940768    -0.02038859  -0.01481318     0.00000000  -0.00000000
  0.00177933   0.00129276    -0.03295000  -0.02393958     0.00000000   0.00000000
  0.00000000  -0.00000000     0.00000000   0.00000000    -0.05329038  -0.03871773
    7    4
 -0.00416728  -0.00302771     0.00099121   0.00072016     0.00175079  -0.00240975
 -0.00306494  -0.00222681     0.00658879   0.00478704     0.00395891  -0.00544897
  0.01520757  -0.02093143    -0.00178151   0.00245204    -0.01717301  -0.01247692
    7    5
 -0.00416728  -0.00302771     0.00099121   0.00072016    -0.00175079   0.00240975
 -0.00306494  -0.00222681     0.00658879   0.00478704    -0.00395891   0.00544897
 -0.01520757   0.02093143     0.00178151  -0.00245204    -0.01717301  -0.01247692
    7    6
 -0.03312450  -0.00000000    -0.01342748  -0.00000000     0.00000000   0.00000000
 -0.03075512   0.00000000    -0.03312450  -0.00000000    -0.00000000  -0.00000000
  0.00000000   0.00000000    -0.00000000  -0.00000000     0.00833812  -0.00000000
    7    7
  0.58938197   0.00000000     0.00791188   0.00000000    -0.00000000   0.00000000
  0.00791188   0.00000000     0.10224398   0.00000000     0.00000000   0.00000000
  0.00000000   0.00000000     0.00000000   0.00000000     0.10668632   0.00000000

     Diagonalizing the dynamical matrix

     q = (    0.200000000   0.200000000   0.000000000 ) 

 **************************************************************************
     freq (    1) =       1.916786 [THz] =      63.937107 [cm-1]
 (  0.132411  0.316037 -0.132411 -0.316037 -0.000000 -0.000000 ) 
 (  0.132411  0.316037 -0.132411 -0.316037 -0.000000  0.000000 ) 
 (  0.094138  0.224686 -0.094138 -0.224686 -0.000000  0.000000 ) 
 (  0.078485  0.187327 -0.078485 -0.187327 -0.000000  0.000000 ) 
 (  0.078485  0.187327 -0.078485 -0.187327 -0.000000  0.000000 ) 
 (  0.240045  0.145764 -0.180227 -0.109440  0.000000  0.000000 ) 
 ( -0.048390  0.205225  0.064452 -0.273340 -0.000000  0.000000 ) 
     freq (    2) =       2.253061 [THz] =      75.154034 [cm-1]
 ( -0.029950 -0.041223 -0.029950 -0.041223 -0.284927  0.207012 ) 
 (  0.029950  0.041223  0.029950  0.041223 -0.284927  0.207012 ) 
 ( -0.000000 -0.000000 -0.000000  0.000000 -0.290661  0.211178 ) 
 (  0.064452  0.088711  0.064452  0.088711 -0.262715  0.190874 ) 
 ( -0.064452 -0.088711 -0.064452 -0.088711 -0.262715  0.190874 ) 
 ( -0.000000 -0.000000 -0.000000  0.000000 -0.129909  0.399818 ) 
 ( -0.000000 -0.000000 -0.000000  0.000000 -0.420394  0.000000 ) 
     freq (    3) =       3.162832 [THz] =     105.500720 [cm-1]
 ( -0.270408 -0.372185 -0.270408 -0.372185  0.183515 -0.133331 ) 
 (  0.270408  0.372185  0.270408  0.372185  0.183515 -0.133331 ) 
 ( -0.000000 -0.000000  0.000000  0.000000 -0.113090  0.082165 ) 
 (  0.040241  0.055387  0.040241  0.055387  0.042703 -0.031025 ) 
 ( -0.040241 -0.055387 -0.040241 -0.055387  0.042703 -0.031025 ) 
 ( -0.000000 -0.000000  0.000000  0.000000 -0.017832  0.054880 ) 
 (  0.000000 -0.000000 -0.000000 -0.000000 -0.057704  0.000000 ) 
     freq (    4) =       3.384054 [THz] =     112.879879 [cm-1]
 ( -0.139113 -0.434137 -0.139113 -0.434137 -0.174239  0.055832 ) 
 ( -0.139113 -0.434137 -0.139113 -0.434137  0.174239 -0.055832 ) 
 (  0.001288  0.004021  0.001288  0.004021  0.000000  0.000000 ) 
 ( -0.042335 -0.132117 -0.042335 -0.132117 -0.046017  0.014745 ) 
 ( -0.042335 -0.132117 -0.042335 -0.132117  0.046017 -0.014745 ) 
 ( -0.080748 -0.059169  0.000279  0.000205  0.000000 -0.000000 ) 
 ( -0.000108  0.000329  0.031321 -0.095080 -0.000000  0.000000 ) 
     freq (    5) =       3.582902 [THz] =     119.512735 [cm-1]
 (  0.261629  0.360101 -0.261629 -0.360101 -0.000000  0.000000 ) 
 ( -0.261629 -0.360101  0.261629  0.360101 -0.000000  0.000000 ) 
 (  0.000000  0.000000 -0.000000 -0.000000  0.000000 -0.000000 ) 
 (  0.117914  0.162295 -0.117914 -0.162295 -0.000000  0.000000 ) 
 ( -0.117914 -0.162295  0.117914  0.162295 -0.000000  0.000000 ) 
 (  0.000000  0.000000 -0.000000 -0.000000  0.047136 -0.145070 ) 
 ( -0.000000  0.000000 -0.000000 -0.000000 -0.152536  0.000000 ) 
     freq (    6) =       4.656624 [THz] =     155.328252 [cm-1]
 (  0.084202  0.157145 -0.084202 -0.157145 -0.000000  0.000000 ) 
 (  0.084202  0.157145 -0.084202 -0.157145  0.000000 -0.000000 ) 
 ( -0.125363 -0.233964  0.125363  0.233964  0.000000 -0.000000 ) 
 ( -0.169139 -0.315662  0.169139  0.315662 -0.000000  0.000000 ) 
 ( -0.169139 -0.315662  0.169139  0.315662  0.000000 -0.000000 ) 
 ( -0.212234 -0.102674  0.208973  0.101096 -0.000000  0.000000 ) 
 (  0.031572 -0.229985 -0.032065  0.233574  0.000000  0.000000 ) 
     freq (    7) =       4.659908 [THz] =     155.437805 [cm-1]
 ( -0.053744 -0.009788 -0.053744 -0.009788  0.065824 -0.361421 ) 
 ( -0.053744 -0.009788 -0.053744 -0.009788 -0.065824  0.361421 ) 
 ( -0.274700 -0.050030 -0.274700 -0.050030  0.000000 -0.000000 ) 
 ( -0.319179 -0.058131 -0.319179 -0.058131  0.008753 -0.048062 ) 
 ( -0.319179 -0.058131 -0.319179 -0.058131 -0.008753  0.048062 ) 
 ( -0.136828  0.065786 -0.191534  0.092089 -0.000000 -0.000000 ) 
 ( -0.146769 -0.153703 -0.104849 -0.109802  0.000000  0.000000 ) 
     freq (    8) =       5.435885 [THz] =     181.321600 [cm-1]
 ( -0.054968 -0.075657 -0.054968 -0.075657 -0.204824  0.148813 ) 
 (  0.054968  0.075657  0.054968  0.075657 -0.204824  0.148813 ) 
 ( -0.000000  0.000000  0.000000  0.000000  0.175906 -0.127803 ) 
 ( -0.170192 -0.234249 -0.170192 -0.234249  0.087646 -0.063678 ) 
 (  0.170192  0.234249  0.170192  0.234249  0.087646 -0.063678 ) 
 (  0.000000 -0.000000  0.000000 -0.000000  0.143406 -0.441357 ) 
 ( -0.000000  0.000000 -0.000000  0.000000  0.464070  0.000000 ) 
     freq (    9) =       6.264554 [THz] =     208.963037 [cm-1]
 ( -0.027159 -0.037381  0.027159  0.037381 -0.000000  0.000000 ) 
 (  0.027159  0.037381 -0.027159 -0.037381 -0.000000  0.000000 ) 
 ( -0.000000 -0.000000  0.000000  0.000000  0.000000 -0.000000 ) 
 (  0.239991  0.330319 -0.239991 -0.330319 -0.000000 -0.000000 ) 
 ( -0.239991 -0.330319  0.239991  0.330319  0.000000  0.000000 ) 
 ( -0.000000 -0.000000  0.000000  0.000000  0.124499 -0.383168 ) 
 ( -0.000000 -0.000000  0.000000  0.000000 -0.402886  0.000000 ) 
     freq (   10) =       6.715042 [THz] =     223.989706 [cm-1]
 (  0.038308  0.083823  0.038308  0.083823 -0.342540  0.156545 ) 
 (  0.038308  0.083823  0.038308  0.083823  0.342540 -0.156545 ) 
 ( -0.131664 -0.288097 -0.131664 -0.288097 -0.000000 -0.000000 ) 
 ( -0.107836 -0.235958 -0.107836 -0.235958  0.017609 -0.008048 ) 
 ( -0.107836 -0.235958 -0.107836 -0.235958 -0.017609  0.008048 ) 
 ( -0.176642 -0.099691 -0.221539 -0.125029 -0.000000  0.000000 ) 
 (  0.050451 -0.249332  0.040226 -0.198803  0.000000  0.000000 ) 
     freq (   11) =       7.085612 [THz] =     236.350575 [cm-1]
 ( -0.007098 -0.017050  0.007098  0.017050  0.000000  0.000000 ) 
 ( -0.007098 -0.017050  0.007098  0.017050 -0.000000  0.000000 ) 
 ( -0.001217 -0.002924  0.001217  0.002924 -0.000000 -0.000000 ) 
 ( -0.096614 -0.232067  0.096614  0.232067 -0.000000 -0.000000 ) 
 ( -0.096614 -0.232067  0.096614  0.232067 -0.000000 -0.000000 ) 
 (  0.520881  0.317911 -0.019931 -0.012164  0.000000 -0.000000 ) 
 ( -0.005410  0.022714  0.141390 -0.593627 -0.000000  0.000000 ) 
     freq (   12) =       7.181423 [THz] =     239.546471 [cm-1]
 (  0.014760  0.020315  0.014760  0.020315  0.066060 -0.047995 ) 
 ( -0.014760 -0.020315 -0.014760 -0.020315  0.066060 -0.047995 ) 
 (  0.000000  0.000000  0.000000  0.000000 -0.188745  0.137131 ) 
 ( -0.271816 -0.374123 -0.271816 -0.374123 -0.130620  0.094901 ) 
 (  0.271816  0.374123  0.271816  0.374123 -0.130620  0.094901 ) 
 ( -0.000000  0.000000  0.000000 -0.000000  0.032536 -0.100134 ) 
 ( -0.000000  0.000000  0.000000  0.000000  0.105287  0.000000 ) 
     freq (   13) =       8.975004 [THz] =     299.373907 [cm-1]
 ( -0.010406 -0.003834 -0.010406 -0.003834  0.005666 -0.015379 ) 
 ( -0.010406 -0.003834 -0.010406 -0.003834 -0.005666  0.015379 ) 
 ( -0.043456 -0.016009 -0.043456 -0.016009 -0.000000  0.000000 ) 
 (  0.309917  0.114175  0.309917  0.114175 -0.011957  0.032456 ) 
 (  0.309917  0.114175  0.309917  0.114175  0.011957 -0.032456 ) 
 ( -0.502552  0.141981 -0.069786  0.019716 -0.000000 -0.000000 ) 
 ( -0.040316 -0.060277 -0.290329 -0.434081 -0.000000  0.000000 ) 
     freq (   14) =       9.172829 [THz] =     305.972644 [cm-1]
 (  0.008583  0.011511 -0.008583 -0.011511 -0.000000  0.000000 ) 
 (  0.008583  0.011511 -0.008583 -0.011511  0.000000 -0.000000 ) 
 ( -0.109323 -0.146617  0.109323  0.146617  0.000000  0.000000 ) 
 (  0.242233  0.324867 -0.242233 -0.324867  0.000000 -0.000000 ) 
 (  0.242233  0.324867 -0.242233 -0.324867 -0.000000 -0.000000 ) 
 (  0.323152  0.100591  0.145318  0.045235 -0.000000  0.000000 ) 
 ( -0.001885 -0.152184 -0.004192 -0.338420  0.000000  0.000000 ) 
     freq (   15) =       9.459931 [THz] =     315.549330 [cm-1]
 (  0.003032  0.004173 -0.003032 -0.004173  0.000000  0.000000 ) 
 ( -0.003032 -0.004173  0.003032  0.004173  0.000000 -0.000000 ) 
 ( -0.000000 -0.000000  0.000000  0.000000  0.000000 -0.000000 ) 
 ( -0.166895 -0.229711  0.166895  0.229711 -0.000000 -0.000000 ) 
 (  0.166895  0.229711 -0.166895 -0.229711 -0.000000  0.000000 ) 
 (  0.000000  0.000000  0.000000  0.000000  0.179843 -0.553499 ) 
 ( -0.000000 -0.000000  0.000000 -0.000000 -0.581983  0.000000 ) 
     freq (   16) =      10.604212 [THz] =     353.718453 [cm-1]
 (  0.010971  0.015101  0.010971  0.015101 -0.003450  0.002506 ) 
 ( -0.010971 -0.015101 -0.010971 -0.015101 -0.003450  0.002506 ) 
 ( -0.000000 -0.000000 -0.000000 -0.000000 -0.176752  0.128418 ) 
 (  0.130938  0.180220  0.130938  0.180220  0.106553 -0.077415 ) 
 ( -0.130938 -0.180220 -0.130938 -0.180220  0.106553 -0.077415 ) 
 (  0.000000 -0.000000  0.000000  0.000000  0.185107 -0.569701 ) 
 ( -0.000000 -0.000000  0.000000  0.000000  0.599020  0.000000 ) 
     freq (   17) =      11.042131 [THz] =     368.325828 [cm-1]
 (  0.027634  0.001535  0.027634  0.001535 -0.000157  0.002826 ) 
 (  0.027634  0.001535  0.027634  0.001535  0.000157 -0.002826 ) 
 (  0.141618  0.007867  0.141618  0.007867 -0.000000  0.000000 ) 
 ( -0.315186 -0.017509 -0.315186 -0.017509  0.007561 -0.136110 ) 
 ( -0.315186 -0.017509 -0.315186 -0.017509 -0.007561  0.136110 ) 
 ( -0.424364  0.273698  0.062133 -0.040073  0.000000 -0.000000 ) 
 (  0.057312  0.046709 -0.391438 -0.319017  0.000000  0.000000 ) 
     freq (   18) =      13.719910 [THz] =     457.646940 [cm-1]
 (  0.004496  0.006189  0.004496  0.006189 -0.023550  0.017110 ) 
 ( -0.004496 -0.006189 -0.004496 -0.006189 -0.023550  0.017110 ) 
 (  0.000000 -0.000000 -0.000000 -0.000000 -0.071856  0.052206 ) 
 ( -0.046739 -0.064331 -0.046739 -0.064331  0.539662 -0.392087 ) 
 (  0.046739  0.064331  0.046739  0.064331  0.539662 -0.392087 ) 
 (  0.000000 -0.000000  0.000000 -0.000000 -0.059823  0.184117 ) 
 ( -0.000000 -0.000000  0.000000  0.000000 -0.193592  0.000000 ) 
     freq (   19) =      15.906932 [THz] =     530.598150 [cm-1]
 (  0.010422  0.002794  0.010422  0.002794  0.001729 -0.006452 ) 
 (  0.010422  0.002794  0.010422  0.002794 -0.001729  0.006452 ) 
 (  0.016749  0.004489  0.016749  0.004489  0.000000  0.000000 ) 
 ( -0.071721 -0.019225 -0.071721 -0.019225 -0.180302  0.672648 ) 
 ( -0.071721 -0.019225 -0.071721 -0.019225  0.180302 -0.672648 ) 
 ( -0.054623  0.020962 -0.002468  0.000947 -0.000000  0.000000 ) 
 ( -0.001663 -0.002054 -0.036815 -0.045472  0.000000  0.000000 ) 
     freq (   20) =      21.757513 [THz] =     725.752515 [cm-1]
 (  0.000712  0.000443 -0.000712 -0.000443  0.000000 -0.000000 ) 
 (  0.000712  0.000443 -0.000712 -0.000443  0.000000 -0.000000 ) 
 ( -0.080721 -0.050255  0.080721  0.050255  0.000000 -0.000000 ) 
 (  0.005148  0.003205 -0.005148 -0.003205  0.000000 -0.000000 ) 
 (  0.005148  0.003205 -0.005148 -0.003205 -0.000000  0.000000 ) 
 ( -0.024572  0.001759 -0.698410  0.049998 -0.000000 -0.000000 ) 
 (  0.263371  0.648778  0.009266  0.022826 -0.000000  0.000000 ) 
     freq (   21) =      22.013926 [THz] =     734.305524 [cm-1]
 (  0.000054 -0.000877  0.000054 -0.000877  0.001287  0.000079 ) 
 (  0.000054 -0.000877  0.000054 -0.000877 -0.001287 -0.000079 ) 
 ( -0.005077  0.082652 -0.005077  0.082652  0.000000  0.000000 ) 
 (  0.000086 -0.001397  0.000086 -0.001397  0.011783  0.000724 ) 
 (  0.000086 -0.001397  0.000086 -0.001397 -0.011783 -0.000724 ) 
 (  0.026182  0.041121 -0.376191 -0.590847 -0.000000  0.000000 ) 
 (  0.445680 -0.540361 -0.031018  0.037608  0.000000  0.000000 ) 
 **************************************************************************
