Dynamical matrix file
Sr2RuO4                                                                    
  3    7   7   7.3000120   0.0000000   3.2938131   0.0000000   0.0000000   0.0000000
           1  'Sr     '    79860.7445811805     
           2  'Ru     '    92119.6696509919     
           3  'O      '    14582.1964454954     
    1    1      0.0000000000      0.0000000000      1.1602701746
    2    1      0.0000000000      0.0000000000     -1.1602701746
    3    2      0.0000000000      0.0000000000      0.0000000000
    4    3      0.0000000000      0.0000000000      0.5380857149
    5    3      0.0000000000      0.0000000000     -0.5380857149
    6    3      0.0000000000     -0.5000000000      0.0000000000
    7    3      0.5000000000      0.0000000000      0.0000000000

     Dynamical  Matrix in cartesian axes

     q = (    0.400000000   0.400000000   0.000000000 ) 

    1    1
  0.12374828   0.00000000     0.00247388   0.00000000    -0.00000000  -0.00155631
  0.00247388   0.00000000     0.12374828   0.00000000     0.00000000  -0.00155631
 -0.00000000   0.00155631     0.00000000   0.00155631     0.17006893   0.00000000
    1    2
  0.00296739   0.00000000     0.02375449  -0.00000000     0.00000000   0.01309265
  0.02375449   0.00000000     0.00296739  -0.00000000     0.00000000   0.01309265
  0.00000000   0.01309265     0.00000000   0.01309265    -0.02062786   0.00000000
    1    3
 -0.00298194   0.00000000     0.07585370  -0.00000000    -0.00000000  -0.02376284
  0.07585370   0.00000000    -0.00298194   0.00000000     0.00000000  -0.02376284
 -0.00000000  -0.02337601     0.00000000  -0.02337601    -0.02574670   0.00000000
    1    4
 -0.01318121   0.00000000    -0.00421363   0.00000000     0.00000000  -0.00079361
 -0.00421363   0.00000000    -0.01318121   0.00000000     0.00000000  -0.00079361
  0.00000000  -0.00106895     0.00000000  -0.00106895    -0.04422321   0.00000000
    1    5
 -0.00080112  -0.00000000    -0.02908652   0.00000000     0.00000000   0.01010041
 -0.02908652   0.00000000    -0.00080112   0.00000000     0.00000000   0.01010041
 -0.00000000  -0.00293626     0.00000000  -0.00293626     0.00023443   0.00000000
    1    6
 -0.00179337  -0.00551942     0.00120170   0.00369844     0.00711771  -0.00231268
 -0.00104355  -0.00321171     0.00026192   0.00080610    -0.00157023   0.00051020
  0.00138983  -0.00045158    -0.00036207   0.00011764    -0.00053918  -0.00165941
    1    7
  0.00026192  -0.00080610    -0.00104355   0.00321171     0.00157023   0.00051020
  0.00120170  -0.00369844    -0.00179337   0.00551942    -0.00711771  -0.00231268
  0.00036207   0.00011764    -0.00138983  -0.00045158    -0.00053918   0.00165941
    2    1
  0.00296739   0.00000000     0.02375449  -0.00000000     0.00000000  -0.01309265
  0.02375449  -0.00000000     0.00296739   0.00000000     0.00000000  -0.01309265
  0.00000000  -0.01309265     0.00000000  -0.01309265    -0.02062786   0.00000000
    2    2
  0.12374828   0.00000000     0.00247388   0.00000000    -0.00000000   0.00155631
  0.00247388   0.00000000     0.12374828   0.00000000     0.00000000   0.00155631
 -0.00000000  -0.00155631     0.00000000  -0.00155631     0.17006893   0.00000000
    2    3
 -0.00298194   0.00000000     0.07585370  -0.00000000    -0.00000000   0.02376284
  0.07585370   0.00000000    -0.00298194   0.00000000     0.00000000   0.02376284
 -0.00000000   0.02337601     0.00000000   0.02337601    -0.02574670   0.00000000
    2    4
 -0.00080112   0.00000000    -0.02908652   0.00000000     0.00000000  -0.01010041
 -0.02908652   0.00000000    -0.00080112   0.00000000     0.00000000  -0.01010041
 -0.00000000   0.00293626     0.00000000   0.00293626     0.00023443  -0.00000000
    2    5
 -0.01318121   0.00000000    -0.00421363   0.00000000     0.00000000   0.00079361
 -0.00421363   0.00000000    -0.01318121   0.00000000     0.00000000   0.00079361
  0.00000000   0.00106895     0.00000000   0.00106895    -0.04422321   0.00000000
    2    6
 -0.00179337  -0.00551942     0.00120170   0.00369844    -0.00711771   0.00231268
 -0.00104355  -0.00321171     0.00026192   0.00080610     0.00157023  -0.00051020
 -0.00138983   0.00045158     0.00036207  -0.00011764    -0.00053918  -0.00165941
    2    7
  0.00026192  -0.00080610    -0.00104355   0.00321171    -0.00157023  -0.00051020
  0.00120170  -0.00369844    -0.00179337   0.00551942     0.00711771   0.00231268
 -0.00036207  -0.00011764     0.00138983   0.00045158    -0.00053918   0.00165941
    3    1
 -0.00298194   0.00000000     0.07585370  -0.00000000    -0.00000000   0.02337601
  0.07585370   0.00000000    -0.00298194   0.00000000     0.00000000   0.02337601
 -0.00000000   0.02376284     0.00000000   0.02376284    -0.02574670   0.00000000
    3    2
 -0.00298194   0.00000000     0.07585370  -0.00000000    -0.00000000  -0.02337601
  0.07585370   0.00000000    -0.00298194   0.00000000     0.00000000  -0.02337601
 -0.00000000  -0.02376284     0.00000000  -0.02376284    -0.02574670   0.00000000
    3    3
  0.71270036   0.00000000     0.01980790   0.00000000     0.00000000   0.00000000
  0.01980790   0.00000000     0.71270036   0.00000000     0.00000000   0.00000000
  0.00000000   0.00000000     0.00000000   0.00000000     0.48188777   0.00000000
    3    4
 -0.05980699   0.00000000    -0.00068818  -0.00000000     0.00000000  -0.00045983
 -0.00068818  -0.00000000    -0.05980699   0.00000000     0.00000000  -0.00045983
  0.00000000  -0.00251090     0.00000000  -0.00251090    -0.09998206   0.00000000
    3    5
 -0.05980699   0.00000000    -0.00068818  -0.00000000     0.00000000   0.00045983
 -0.00068818  -0.00000000    -0.05980699   0.00000000     0.00000000   0.00045983
  0.00000000   0.00251090     0.00000000   0.00251090    -0.09998206   0.00000000
    3    6
 -0.00766487  -0.02359005     0.01139720   0.03507699     0.00000000   0.00000000
  0.00034506   0.00106198    -0.06980128  -0.21482627    -0.00000000  -0.00000000
  0.00000000   0.00000000    -0.00000000   0.00000000    -0.01210718  -0.03726208
    3    7
 -0.06980128   0.21482627     0.00034506  -0.00106198     0.00000000  -0.00000000
  0.01139720  -0.03507699    -0.00766487   0.02359005    -0.00000000   0.00000000
  0.00000000   0.00000000    -0.00000000   0.00000000    -0.01210718   0.03726208
    4    1
 -0.01318121   0.00000000    -0.00421363   0.00000000     0.00000000   0.00106895
 -0.00421363   0.00000000    -0.01318121   0.00000000     0.00000000   0.00106895
  0.00000000   0.00079361     0.00000000   0.00079361    -0.04422321   0.00000000
    4    2
 -0.00080112   0.00000000    -0.02908652   0.00000000     0.00000000  -0.00293626
 -0.02908652   0.00000000    -0.00080112  -0.00000000     0.00000000  -0.00293626
 -0.00000000   0.01010041     0.00000000   0.01010041     0.00023443   0.00000000
    4    3
 -0.05980699   0.00000000    -0.00068818  -0.00000000     0.00000000   0.00251090
 -0.00068818   0.00000000    -0.05980699   0.00000000     0.00000000   0.00251090
  0.00000000   0.00045983     0.00000000   0.00045983    -0.09998206   0.00000000
    4    4
  0.08937210   0.00000000     0.00339376  -0.00000000     0.00000000  -0.00046359
  0.00339376   0.00000000     0.08937210   0.00000000    -0.00000000  -0.00046359
  0.00000000   0.00046359    -0.00000000   0.00046359     0.26547988   0.00000000
    4    5
  0.00995910   0.00000000     0.01305673   0.00000000    -0.00000000  -0.00892404
  0.01305673   0.00000000     0.00995910   0.00000000     0.00000000  -0.00892404
 -0.00000000  -0.00892404     0.00000000  -0.00892404    -0.02962332   0.00000000
    4    6
  0.00143740   0.00442386    -0.00127397  -0.00392089    -0.00138008   0.00044841
  0.00089730   0.00276161     0.00086948   0.00267598    -0.03719193   0.01208439
  0.00784730  -0.00254974    -0.00216277   0.00070273    -0.00247785  -0.00762603
    4    7
  0.00086948  -0.00267598     0.00089730  -0.00276161     0.03719193   0.01208439
 -0.00127397   0.00392089     0.00143740  -0.00442386     0.00138008   0.00044841
  0.00216277   0.00070273    -0.00784730  -0.00254974    -0.00247785   0.00762603
    5    1
 -0.00080112  -0.00000000    -0.02908652   0.00000000     0.00000000   0.00293626
 -0.02908652   0.00000000    -0.00080112   0.00000000     0.00000000   0.00293626
 -0.00000000  -0.01010041     0.00000000  -0.01010041     0.00023443   0.00000000
    5    2
 -0.01318121   0.00000000    -0.00421363   0.00000000     0.00000000  -0.00106895
 -0.00421363   0.00000000    -0.01318121   0.00000000     0.00000000  -0.00106895
  0.00000000  -0.00079361     0.00000000  -0.00079361    -0.04422321   0.00000000
    5    3
 -0.05980699   0.00000000    -0.00068818   0.00000000     0.00000000  -0.00251090
 -0.00068818  -0.00000000    -0.05980699   0.00000000     0.00000000  -0.00251090
  0.00000000  -0.00045983     0.00000000  -0.00045983    -0.09998206  -0.00000000
    5    4
  0.00995910   0.00000000     0.01305673   0.00000000    -0.00000000   0.00892404
  0.01305673   0.00000000     0.00995910   0.00000000     0.00000000   0.00892404
 -0.00000000   0.00892404     0.00000000   0.00892404    -0.02962332   0.00000000
    5    5
  0.08937210  -0.00000000     0.00339376   0.00000000     0.00000000   0.00046359
  0.00339376   0.00000000     0.08937210   0.00000000    -0.00000000   0.00046359
  0.00000000  -0.00046359    -0.00000000  -0.00046359     0.26547988   0.00000000
    5    6
  0.00143740   0.00442386    -0.00127397  -0.00392089     0.00138008  -0.00044841
  0.00089730   0.00276161     0.00086948   0.00267598     0.03719193  -0.01208439
 -0.00784730   0.00254974     0.00216277  -0.00070273    -0.00247785  -0.00762603
    5    7
  0.00086948  -0.00267598     0.00089730  -0.00276161    -0.03719193  -0.01208439
 -0.00127397   0.00392089     0.00143740  -0.00442386    -0.00138008  -0.00044841
 -0.00216277  -0.00070273     0.00784730   0.00254974    -0.00247785   0.00762603
    6    1
 -0.00179337   0.00551942    -0.00104355   0.00321171     0.00138983   0.00045158
  0.00120170  -0.00369844     0.00026192  -0.00080610    -0.00036207  -0.00011764
  0.00711771   0.00231268    -0.00157023  -0.00051020    -0.00053918   0.00165941
    6    2
 -0.00179337   0.00551942    -0.00104355   0.00321171    -0.00138983  -0.00045158
  0.00120170  -0.00369844     0.00026192  -0.00080610     0.00036207   0.00011764
 -0.00711771  -0.00231268     0.00157023   0.00051020    -0.00053918   0.00165941
    6    3
 -0.00766487   0.02359005     0.00034506  -0.00106198     0.00000000  -0.00000000
  0.01139720  -0.03507699    -0.06980128   0.21482627    -0.00000000   0.00000000
  0.00000000   0.00000000    -0.00000000   0.00000000    -0.01210718   0.03726208
    6    4
  0.00143740  -0.00442386     0.00089730  -0.00276161     0.00784730   0.00254974
 -0.00127397   0.00392089     0.00086948  -0.00267598    -0.00216277  -0.00070273
 -0.00138008  -0.00044841    -0.03719193  -0.01208439    -0.00247785   0.00762603
    6    5
  0.00143740  -0.00442386     0.00089730  -0.00276161    -0.00784730  -0.00254974
 -0.00127397   0.00392089     0.00086948  -0.00267598     0.00216277   0.00070273
  0.00138008   0.00044841     0.03719193   0.01208439    -0.00247785   0.00762603
    6    6
  0.10360747   0.00000000    -0.00241372   0.00000000     0.00000000   0.00000000
 -0.00241372   0.00000000     0.68454237   0.00000000     0.00000000   0.00000000
  0.00000000   0.00000000     0.00000000   0.00000000     0.10211482   0.00000000
    6    7
  0.00304660   0.00221349    -0.06737313  -0.04894944     0.00000000  -0.00000000
 -0.00782144  -0.00568261     0.00304660   0.00221349    -0.00000000   0.00000000
  0.00000000  -0.00000000    -0.00000000   0.00000000    -0.00008190  -0.00005951
    7    1
  0.00026192   0.00080610     0.00120170   0.00369844     0.00036207  -0.00011764
 -0.00104355  -0.00321171    -0.00179337  -0.00551942    -0.00138983   0.00045158
  0.00157023  -0.00051020    -0.00711771   0.00231268    -0.00053918  -0.00165941
    7    2
  0.00026192   0.00080610     0.00120170   0.00369844    -0.00036207   0.00011764
 -0.00104355  -0.00321171    -0.00179337  -0.00551942     0.00138983  -0.00045158
 -0.00157023   0.00051020     0.00711771  -0.00231268    -0.00053918  -0.00165941
    7    3
 -0.06980128  -0.21482627     0.01139720   0.03507699     0.00000000   0.00000000
  0.00034506   0.00106198    -0.00766487  -0.02359005    -0.00000000  -0.00000000
  0.00000000   0.00000000    -0.00000000  -0.00000000    -0.01210718  -0.03726208
    7    4
  0.00086948   0.00267598    -0.00127397  -0.00392089     0.00216277  -0.00070273
  0.00089730   0.00276161     0.00143740   0.00442386    -0.00784730   0.00254974
  0.03719193  -0.01208439     0.00138008  -0.00044841    -0.00247785  -0.00762603
    7    5
  0.00086948   0.00267598    -0.00127397  -0.00392089    -0.00216277   0.00070273
  0.00089730   0.00276161     0.00143740   0.00442386     0.00784730  -0.00254974
 -0.03719193   0.01208439    -0.00138008   0.00044841    -0.00247785  -0.00762603
    7    6
  0.00304660  -0.00221349    -0.00782144   0.00568261    -0.00000000   0.00000000
 -0.06737313   0.04894944     0.00304660  -0.00221349     0.00000000   0.00000000
  0.00000000  -0.00000000    -0.00000000   0.00000000    -0.00008190   0.00005951
    7    7
  0.68454237   0.00000000    -0.00241372   0.00000000     0.00000000   0.00000000
 -0.00241372   0.00000000     0.10360747   0.00000000     0.00000000   0.00000000
  0.00000000   0.00000000     0.00000000   0.00000000     0.10211482   0.00000000

     Dynamical  Matrix in cartesian axes

     q = (   -0.400000000  -0.400000000   0.000000000 ) 

    1    1
  0.12374828   0.00000000     0.00247388   0.00000000    -0.00000000   0.00155631
  0.00247388   0.00000000     0.12374828   0.00000000     0.00000000   0.00155631
 -0.00000000  -0.00155631     0.00000000  -0.00155631     0.17006893   0.00000000
    1    2
  0.00296739   0.00000000     0.02375449   0.00000000     0.00000000  -0.01309265
  0.02375449   0.00000000     0.00296739  -0.00000000     0.00000000  -0.01309265
  0.00000000  -0.01309265     0.00000000  -0.01309265    -0.02062786   0.00000000
    1    3
 -0.00298194   0.00000000     0.07585370  -0.00000000    -0.00000000   0.02376284
  0.07585370   0.00000000    -0.00298194   0.00000000     0.00000000   0.02376284
  0.00000000   0.02337601     0.00000000   0.02337601    -0.02574670   0.00000000
    1    4
 -0.01318121   0.00000000    -0.00421363   0.00000000     0.00000000   0.00079361
 -0.00421363   0.00000000    -0.01318121   0.00000000     0.00000000   0.00079361
  0.00000000   0.00106895     0.00000000   0.00106895    -0.04422321   0.00000000
    1    5
 -0.00080112   0.00000000    -0.02908652   0.00000000     0.00000000  -0.01010041
 -0.02908652   0.00000000    -0.00080112   0.00000000     0.00000000  -0.01010041
 -0.00000000   0.00293626     0.00000000   0.00293626     0.00023443  -0.00000000
    1    6
 -0.00179337   0.00551942     0.00120170  -0.00369844     0.00711771   0.00231268
 -0.00104355   0.00321171     0.00026192  -0.00080610    -0.00157023  -0.00051020
  0.00138983   0.00045158    -0.00036207  -0.00011764    -0.00053918   0.00165941
    1    7
  0.00026192   0.00080610    -0.00104355  -0.00321171     0.00157023  -0.00051020
  0.00120170   0.00369844    -0.00179337  -0.00551942    -0.00711771   0.00231268
  0.00036207  -0.00011764    -0.00138983   0.00045158    -0.00053918  -0.00165941
    2    1
  0.00296739   0.00000000     0.02375449  -0.00000000     0.00000000   0.01309265
  0.02375449   0.00000000     0.00296739   0.00000000     0.00000000   0.01309265
  0.00000000   0.01309265     0.00000000   0.01309265    -0.02062786   0.00000000
    2    2
  0.12374828   0.00000000     0.00247388   0.00000000    -0.00000000  -0.00155631
  0.00247388   0.00000000     0.12374828   0.00000000     0.00000000  -0.00155631
 -0.00000000   0.00155631     0.00000000   0.00155631     0.17006893   0.00000000
    2    3
 -0.00298194   0.00000000     0.07585370   0.00000000    -0.00000000  -0.02376284
  0.07585370  -0.00000000    -0.00298194   0.00000000     0.00000000  -0.02376284
  0.00000000  -0.02337601     0.00000000  -0.02337601    -0.02574670   0.00000000
    2    4
 -0.00080112  -0.00000000    -0.02908652   0.00000000     0.00000000   0.01010041
 -0.02908652   0.00000000    -0.00080112   0.00000000     0.00000000   0.01010041
 -0.00000000  -0.00293626     0.00000000  -0.00293626     0.00023443   0.00000000
    2    5
 -0.01318121   0.00000000    -0.00421363   0.00000000     0.00000000  -0.00079361
 -0.00421363   0.00000000    -0.01318121   0.00000000     0.00000000  -0.00079361
  0.00000000  -0.00106895     0.00000000  -0.00106895    -0.04422321   0.00000000
    2    6
 -0.00179337   0.00551942     0.00120170  -0.00369844    -0.00711771  -0.00231268
 -0.00104355   0.00321171     0.00026192  -0.00080610     0.00157023   0.00051020
 -0.00138983  -0.00045158     0.00036207   0.00011764    -0.00053918   0.00165941
    2    7
  0.00026192   0.00080610    -0.00104355  -0.00321171    -0.00157023   0.00051020
  0.00120170   0.00369844    -0.00179337  -0.00551942     0.00711771  -0.00231268
 -0.00036207   0.00011764     0.00138983  -0.00045158    -0.00053918  -0.00165941
    3    1
 -0.00298194   0.00000000     0.07585370   0.00000000    -0.00000000  -0.02337601
  0.07585370   0.00000000    -0.00298194   0.00000000     0.00000000  -0.02337601
 -0.00000000  -0.02376284     0.00000000  -0.02376284    -0.02574670   0.00000000
    3    2
 -0.00298194   0.00000000     0.07585370   0.00000000    -0.00000000   0.02337601
  0.07585370   0.00000000    -0.00298194   0.00000000     0.00000000   0.02337601
 -0.00000000   0.02376284     0.00000000   0.02376284    -0.02574670   0.00000000
    3    3
  0.71270036   0.00000000     0.01980790   0.00000000     0.00000000   0.00000000
  0.01980790   0.00000000     0.71270036   0.00000000     0.00000000   0.00000000
  0.00000000   0.00000000     0.00000000   0.00000000     0.48188777   0.00000000
    3    4
 -0.05980699   0.00000000    -0.00068818  -0.00000000     0.00000000   0.00045983
 -0.00068818  -0.00000000    -0.05980699   0.00000000     0.00000000   0.00045983
  0.00000000   0.00251090     0.00000000   0.00251090    -0.09998206   0.00000000
    3    5
 -0.05980699   0.00000000    -0.00068818  -0.00000000     0.00000000  -0.00045983
 -0.00068818  -0.00000000    -0.05980699   0.00000000     0.00000000  -0.00045983
  0.00000000  -0.00251090     0.00000000  -0.00251090    -0.09998206   0.00000000
    3    6
 -0.00766487   0.02359005     0.01139720  -0.03507699     0.00000000  -0.00000000
  0.00034506  -0.00106198    -0.06980128   0.21482627    -0.00000000   0.00000000
  0.00000000   0.00000000    -0.00000000   0.00000000    -0.01210718   0.03726208
    3    7
 -0.06980128  -0.21482627     0.00034506   0.00106198    -0.00000000   0.00000000
  0.01139720   0.03507699    -0.00766487  -0.02359005    -0.00000000  -0.00000000
  0.00000000   0.00000000    -0.00000000   0.00000000    -0.01210718  -0.03726208
    4    1
 -0.01318121   0.00000000    -0.00421363   0.00000000     0.00000000  -0.00106895
 -0.00421363   0.00000000    -0.01318121   0.00000000     0.00000000  -0.00106895
  0.00000000  -0.00079361     0.00000000  -0.00079361    -0.04422321   0.00000000
    4    2
 -0.00080112  -0.00000000    -0.02908652   0.00000000     0.00000000   0.00293626
 -0.02908652   0.00000000    -0.00080112   0.00000000     0.00000000   0.00293626
 -0.00000000  -0.01010041     0.00000000  -0.01010041     0.00023443   0.00000000
    4    3
 -0.05980699   0.00000000    -0.00068818   0.00000000     0.00000000  -0.00251090
 -0.00068818  -0.00000000    -0.05980699   0.00000000     0.00000000  -0.00251090
  0.00000000  -0.00045983     0.00000000  -0.00045983    -0.09998206  -0.00000000
    4    4
  0.08937210   0.00000000     0.00339376   0.00000000     0.00000000   0.00046359
  0.00339376  -0.00000000     0.08937210   0.00000000    -0.00000000   0.00046359
  0.00000000  -0.00046359    -0.00000000  -0.00046359     0.26547988   0.00000000
    4    5
  0.00995910   0.00000000     0.01305673   0.00000000    -0.00000000   0.00892404
  0.01305673   0.00000000     0.00995910   0.00000000     0.00000000   0.00892404
 -0.00000000   0.00892404     0.00000000   0.00892404    -0.02962332   0.00000000
    4    6
  0.00143740  -0.00442386    -0.00127397   0.00392089    -0.00138008  -0.00044841
  0.00089730  -0.00276161     0.00086948  -0.00267598    -0.03719193  -0.01208439
  0.00784730   0.00254974    -0.00216277  -0.00070273    -0.00247785   0.00762603
    4    7
  0.00086948   0.00267598     0.00089730   0.00276161     0.03719193  -0.01208439
 -0.00127397  -0.00392089     0.00143740   0.00442386     0.00138008  -0.00044841
  0.00216277  -0.00070273    -0.00784730   0.00254974    -0.00247785  -0.00762603
    5    1
 -0.00080112   0.00000000    -0.02908652   0.00000000     0.00000000  -0.00293626
 -0.02908652   0.00000000    -0.00080112  -0.00000000     0.00000000  -0.00293626
 -0.00000000   0.01010041     0.00000000   0.01010041     0.00023443   0.00000000
    5    2
 -0.01318121   0.00000000    -0.00421363   0.00000000     0.00000000   0.00106895
 -0.00421363   0.00000000    -0.01318121   0.00000000     0.00000000   0.00106895
  0.00000000   0.00079361     0.00000000   0.00079361    -0.04422321   0.00000000
    5    3
 -0.05980699   0.00000000    -0.00068818  -0.00000000     0.00000000   0.00251090
 -0.00068818   0.00000000    -0.05980699   0.00000000     0.00000000   0.00251090
  0.00000000   0.00045983     0.00000000   0.00045983    -0.09998206   0.00000000
    5    4
  0.00995910   0.00000000     0.01305673   0.00000000    -0.00000000  -0.00892404
  0.01305673   0.00000000     0.00995910   0.00000000     0.00000000  -0.00892404
 -0.00000000  -0.00892404     0.00000000  -0.00892404    -0.02962332   0.00000000
    5    5
  0.08937210   0.00000000     0.00339376   0.00000000     0.00000000  -0.00046359
  0.00339376   0.00000000     0.08937210  -0.00000000    -0.00000000  -0.00046359
  0.00000000   0.00046359    -0.00000000   0.00046359     0.26547988   0.00000000
    5    6
  0.00143740  -0.00442386    -0.00127397   0.00392089     0.00138008   0.00044841
  0.00089730  -0.00276161     0.00086948  -0.00267598     0.03719193   0.01208439
 -0.00784730  -0.00254974     0.00216277   0.00070273    -0.00247785   0.00762603
    5    7
  0.00086948   0.00267598     0.00089730   0.00276161    -0.03719193   0.01208439
 -0.00127397  -0.00392089     0.00143740   0.00442386    -0.00138008   0.00044841
 -0.00216277   0.00070273     0.00784730  -0.00254974    -0.00247785  -0.00762603
    6    1
 -0.00179337  -0.00551942    -0.00104355  -0.00321171     0.00138983  -0.00045158
  0.00120170   0.00369844     0.00026192   0.00080610    -0.00036207   0.00011764
  0.00711771  -0.00231268    -0.00157023   0.00051020    -0.00053918  -0.00165941
    6    2
 -0.00179337  -0.00551942    -0.00104355  -0.00321171    -0.00138983   0.00045158
  0.00120170   0.00369844     0.00026192   0.00080610     0.00036207  -0.00011764
 -0.00711771   0.00231268     0.00157023  -0.00051020    -0.00053918  -0.00165941
    6    3
 -0.00766487  -0.02359005     0.00034506   0.00106198     0.00000000   0.00000000
  0.01139720   0.03507699    -0.06980128  -0.21482627    -0.00000000  -0.00000000
  0.00000000   0.00000000    -0.00000000  -0.00000000    -0.01210718  -0.03726208
    6    4
  0.00143740   0.00442386     0.00089730   0.00276161     0.00784730  -0.00254974
 -0.00127397  -0.00392089     0.00086948   0.00267598    -0.00216277   0.00070273
 -0.00138008   0.00044841    -0.03719193   0.01208439    -0.00247785  -0.00762603
    6    5
  0.00143740   0.00442386     0.00089730   0.00276161    -0.00784730   0.00254974
 -0.00127397  -0.00392089     0.00086948   0.00267598     0.00216277  -0.00070273
  0.00138008  -0.00044841     0.03719193  -0.01208439    -0.00247785  -0.00762603
    6    6
  0.10360747   0.00000000    -0.00241372   0.00000000     0.00000000   0.00000000
 -0.00241372   0.00000000     0.68454237   0.00000000     0.00000000   0.00000000
  0.00000000   0.00000000     0.00000000   0.00000000     0.10211482   0.00000000
    6    7
  0.00304660  -0.00221349    -0.06737313   0.04894944     0.00000000   0.00000000
 -0.00782144   0.00568261     0.00304660  -0.00221349    -0.00000000   0.00000000
  0.00000000  -0.00000000    -0.00000000   0.00000000    -0.00008190   0.00005951
    7    1
  0.00026192  -0.00080610     0.00120170  -0.00369844     0.00036207   0.00011764
 -0.00104355   0.00321171    -0.00179337   0.00551942    -0.00138983  -0.00045158
  0.00157023   0.00051020    -0.00711771  -0.00231268    -0.00053918   0.00165941
    7    2
  0.00026192  -0.00080610     0.00120170  -0.00369844    -0.00036207  -0.00011764
 -0.00104355   0.00321171    -0.00179337   0.00551942     0.00138983   0.00045158
 -0.00157023  -0.00051020     0.00711771   0.00231268    -0.00053918   0.00165941
    7    3
 -0.06980128   0.21482627     0.01139720  -0.03507699     0.00000000  -0.00000000
  0.00034506  -0.00106198    -0.00766487   0.02359005    -0.00000000   0.00000000
  0.00000000  -0.00000000    -0.00000000   0.00000000    -0.01210718   0.03726208
    7    4
  0.00086948  -0.00267598    -0.00127397   0.00392089     0.00216277   0.00070273
  0.00089730  -0.00276161     0.00143740  -0.00442386    -0.00784730  -0.00254974
  0.03719193   0.01208439     0.00138008   0.00044841    -0.00247785   0.00762603
    7    5
  0.00086948  -0.00267598    -0.00127397   0.00392089    -0.00216277  -0.00070273
  0.00089730  -0.00276161     0.00143740  -0.00442386     0.00784730   0.00254974
 -0.03719193  -0.01208439    -0.00138008  -0.00044841    -0.00247785   0.00762603
    7    6
  0.00304660   0.00221349    -0.00782144  -0.00568261     0.00000000  -0.00000000
 -0.06737313  -0.04894944     0.00304660   0.00221349     0.00000000   0.00000000
  0.00000000  -0.00000000    -0.00000000   0.00000000    -0.00008190  -0.00005951
    7    7
  0.68454237   0.00000000    -0.00241372   0.00000000     0.00000000   0.00000000
 -0.00241372   0.00000000     0.10360747   0.00000000     0.00000000   0.00000000
  0.00000000   0.00000000     0.00000000   0.00000000     0.10211482   0.00000000

     Dynamical  Matrix in cartesian axes

     q = (   -0.400000000   0.400000000   0.000000000 ) 

    1    1
  0.12374828   0.00000000    -0.00247388   0.00000000    -0.00000000   0.00155631
 -0.00247388   0.00000000     0.12374828   0.00000000     0.00000000  -0.00155631
 -0.00000000  -0.00155631     0.00000000   0.00155631     0.17006893   0.00000000
    1    2
  0.00296739   0.00000000    -0.02375449   0.00000000    -0.00000000  -0.01309265
 -0.02375449   0.00000000     0.00296739   0.00000000    -0.00000000   0.01309265
 -0.00000000  -0.01309265    -0.00000000   0.01309265    -0.02062786   0.00000000
    1    3
 -0.00298194  -0.00000000    -0.07585370  -0.00000000    -0.00000000   0.02376284
 -0.07585370   0.00000000    -0.00298194  -0.00000000     0.00000000  -0.02376284
 -0.00000000   0.02337601     0.00000000  -0.02337601    -0.02574670  -0.00000000
    1    4
 -0.01318121  -0.00000000     0.00421363  -0.00000000     0.00000000   0.00079361
  0.00421363  -0.00000000    -0.01318121  -0.00000000    -0.00000000  -0.00079361
  0.00000000   0.00106895    -0.00000000  -0.00106895    -0.04422321  -0.00000000
    1    5
 -0.00080112  -0.00000000     0.02908652   0.00000000    -0.00000000  -0.01010041
  0.02908652   0.00000000    -0.00080112  -0.00000000     0.00000000   0.01010041
 -0.00000000   0.00293626     0.00000000  -0.00293626     0.00023443   0.00000000
    1    6
 -0.00179337  -0.00551942    -0.00120170  -0.00369844    -0.00711771   0.00231268
  0.00104355   0.00321171     0.00026192   0.00080610    -0.00157023   0.00051020
 -0.00138983   0.00045158    -0.00036207   0.00011764    -0.00053918  -0.00165941
    1    7
  0.00026192   0.00080610     0.00104355   0.00321171     0.00157023  -0.00051020
 -0.00120170  -0.00369844    -0.00179337  -0.00551942     0.00711771  -0.00231268
  0.00036207  -0.00011764     0.00138983  -0.00045158    -0.00053918  -0.00165941
    2    1
  0.00296739   0.00000000    -0.02375449  -0.00000000     0.00000000   0.01309265
 -0.02375449  -0.00000000     0.00296739   0.00000000    -0.00000000  -0.01309265
  0.00000000   0.01309265    -0.00000000  -0.01309265    -0.02062786   0.00000000
    2    2
  0.12374828   0.00000000    -0.00247388   0.00000000    -0.00000000  -0.00155631
 -0.00247388   0.00000000     0.12374828   0.00000000     0.00000000   0.00155631
 -0.00000000   0.00155631     0.00000000  -0.00155631     0.17006893   0.00000000
    2    3
 -0.00298194   0.00000000    -0.07585370  -0.00000000     0.00000000  -0.02376284
 -0.07585370  -0.00000000    -0.00298194  -0.00000000    -0.00000000   0.02376284
  0.00000000  -0.02337601     0.00000000   0.02337601    -0.02574670  -0.00000000
    2    4
 -0.00080112  -0.00000000     0.02908652  -0.00000000     0.00000000   0.01010041
  0.02908652  -0.00000000    -0.00080112  -0.00000000     0.00000000  -0.01010041
  0.00000000  -0.00293626     0.00000000   0.00293626     0.00023443   0.00000000
    2    5
 -0.01318121  -0.00000000     0.00421363  -0.00000000     0.00000000  -0.00079361
  0.00421363  -0.00000000    -0.01318121  -0.00000000    -0.00000000   0.00079361
  0.00000000  -0.00106895    -0.00000000   0.00106895    -0.04422321  -0.00000000
    2    6
 -0.00179337  -0.00551942    -0.00120170  -0.00369844     0.00711771  -0.00231268
  0.00104355   0.00321171     0.00026192   0.00080610     0.00157023  -0.00051020
  0.00138983  -0.00045158     0.00036207  -0.00011764    -0.00053918  -0.00165941
    2    7
  0.00026192   0.00080610     0.00104355   0.00321171    -0.00157023   0.00051020
 -0.00120170  -0.00369844    -0.00179337  -0.00551942    -0.00711771   0.00231268
 -0.00036207   0.00011764    -0.00138983   0.00045158    -0.00053918  -0.00165941
    3    1
 -0.00298194  -0.00000000    -0.07585370   0.00000000    -0.00000000  -0.02337601
 -0.07585370   0.00000000    -0.00298194   0.00000000     0.00000000   0.02337601
 -0.00000000  -0.02376284     0.00000000   0.02376284    -0.02574670  -0.00000000
    3    2
 -0.00298194   0.00000000    -0.07585370   0.00000000     0.00000000   0.02337601
 -0.07585370   0.00000000    -0.00298194   0.00000000     0.00000000  -0.02337601
  0.00000000   0.02376284     0.00000000  -0.02376284    -0.02574670  -0.00000000
    3    3
  0.71270036   0.00000000    -0.01980790   0.00000000     0.00000000   0.00000000
 -0.01980790   0.00000000     0.71270036   0.00000000     0.00000000   0.00000000
  0.00000000   0.00000000     0.00000000   0.00000000     0.48188777   0.00000000
    3    4
 -0.05980699   0.00000000     0.00068818   0.00000000     0.00000000   0.00045983
  0.00068818   0.00000000    -0.05980699   0.00000000    -0.00000000  -0.00045983
  0.00000000   0.00251090    -0.00000000  -0.00251090    -0.09998206   0.00000000
    3    5
 -0.05980699   0.00000000     0.00068818   0.00000000     0.00000000  -0.00045983
  0.00068818   0.00000000    -0.05980699   0.00000000    -0.00000000   0.00045983
  0.00000000  -0.00251090    -0.00000000   0.00251090    -0.09998206   0.00000000
    3    6
 -0.00766487  -0.02359005    -0.01139720  -0.03507699     0.00000000   0.00000000
 -0.00034506  -0.00106198    -0.06980128  -0.21482627     0.00000000   0.00000000
  0.00000000   0.00000000    -0.00000000   0.00000000    -0.01210718  -0.03726208
    3    7
 -0.06980128  -0.21482627    -0.00034506  -0.00106198     0.00000000   0.00000000
 -0.01139720  -0.03507699    -0.00766487  -0.02359005     0.00000000  -0.00000000
  0.00000000   0.00000000    -0.00000000  -0.00000000    -0.01210718  -0.03726208
    4    1
 -0.01318121  -0.00000000     0.00421363  -0.00000000     0.00000000  -0.00106895
  0.00421363  -0.00000000    -0.01318121  -0.00000000    -0.00000000   0.00106895
  0.00000000  -0.00079361    -0.00000000   0.00079361    -0.04422321  -0.00000000
    4    2
 -0.00080112  -0.00000000     0.02908652  -0.00000000     0.00000000   0.00293626
  0.02908652  -0.00000000    -0.00080112  -0.00000000     0.00000000  -0.00293626
  0.00000000  -0.01010041    -0.00000000   0.01010041     0.00023443   0.00000000
    4    3
 -0.05980699   0.00000000     0.00068818  -0.00000000     0.00000000  -0.00251090
  0.00068818  -0.00000000    -0.05980699   0.00000000     0.00000000   0.00251090
  0.00000000  -0.00045983     0.00000000   0.00045983    -0.09998206   0.00000000
    4    4
  0.08937210   0.00000000    -0.00339376  -0.00000000     0.00000000   0.00046359
 -0.00339376   0.00000000     0.08937210   0.00000000    -0.00000000  -0.00046359
  0.00000000  -0.00046359    -0.00000000   0.00046359     0.26547988   0.00000000
    4    5
  0.00995910   0.00000000    -0.01305673   0.00000000    -0.00000000   0.00892404
 -0.01305673   0.00000000     0.00995910   0.00000000     0.00000000  -0.00892404
 -0.00000000   0.00892404     0.00000000  -0.00892404    -0.02962332   0.00000000
    4    6
  0.00143740   0.00442386     0.00127397   0.00392089     0.00138008  -0.00044841
 -0.00089730  -0.00276161     0.00086948   0.00267598    -0.03719193   0.01208439
 -0.00784730   0.00254974    -0.00216277   0.00070273    -0.00247785  -0.00762603
    4    7
  0.00086948   0.00267598    -0.00089730  -0.00276161     0.03719193  -0.01208439
  0.00127397   0.00392089     0.00143740   0.00442386    -0.00138008   0.00044841
  0.00216277  -0.00070273     0.00784730  -0.00254974    -0.00247785  -0.00762603
    5    1
 -0.00080112  -0.00000000     0.02908652  -0.00000000     0.00000000  -0.00293626
  0.02908652  -0.00000000    -0.00080112  -0.00000000    -0.00000000   0.00293626
  0.00000000   0.01010041     0.00000000  -0.01010041     0.00023443   0.00000000
    5    2
 -0.01318121  -0.00000000     0.00421363  -0.00000000     0.00000000   0.00106895
  0.00421363  -0.00000000    -0.01318121  -0.00000000    -0.00000000  -0.00106895
  0.00000000   0.00079361    -0.00000000  -0.00079361    -0.04422321  -0.00000000
    5    3
 -0.05980699  -0.00000000     0.00068818   0.00000000     0.00000000   0.00251090
  0.00068818   0.00000000    -0.05980699  -0.00000000     0.00000000  -0.00251090
  0.00000000   0.00045983     0.00000000  -0.00045983    -0.09998206   0.00000000
    5    4
  0.00995910   0.00000000    -0.01305673   0.00000000    -0.00000000  -0.00892404
 -0.01305673   0.00000000     0.00995910   0.00000000     0.00000000   0.00892404
 -0.00000000  -0.00892404     0.00000000   0.00892404    -0.02962332   0.00000000
    5    5
  0.08937210   0.00000000    -0.00339376   0.00000000     0.00000000  -0.00046359
 -0.00339376   0.00000000     0.08937210  -0.00000000    -0.00000000   0.00046359
  0.00000000   0.00046359    -0.00000000  -0.00046359     0.26547988   0.00000000
    5    6
  0.00143740   0.00442386     0.00127397   0.00392089    -0.00138008   0.00044841
 -0.00089730  -0.00276161     0.00086948   0.00267598     0.03719193  -0.01208439
  0.00784730  -0.00254974     0.00216277  -0.00070273    -0.00247785  -0.00762603
    5    7
  0.00086948   0.00267598    -0.00089730  -0.00276161    -0.03719193   0.01208439
  0.00127397   0.00392089     0.00143740   0.00442386     0.00138008  -0.00044841
 -0.00216277   0.00070273    -0.00784730   0.00254974    -0.00247785  -0.00762603
    6    1
 -0.00179337   0.00551942     0.00104355  -0.00321171    -0.00138983  -0.00045158
 -0.00120170   0.00369844     0.00026192  -0.00080610    -0.00036207  -0.00011764
 -0.00711771  -0.00231268    -0.00157023  -0.00051020    -0.00053918   0.00165941
    6    2
 -0.00179337   0.00551942     0.00104355  -0.00321171     0.00138983   0.00045158
 -0.00120170   0.00369844     0.00026192  -0.00080610     0.00036207   0.00011764
  0.00711771   0.00231268     0.00157023   0.00051020    -0.00053918   0.00165941
    6    3
 -0.00766487   0.02359005    -0.00034506   0.00106198     0.00000000  -0.00000000
 -0.01139720   0.03507699    -0.06980128   0.21482627     0.00000000   0.00000000
  0.00000000   0.00000000     0.00000000   0.00000000    -0.01210718   0.03726208
    6    4
  0.00143740  -0.00442386    -0.00089730   0.00276161    -0.00784730  -0.00254974
  0.00127397  -0.00392089     0.00086948  -0.00267598    -0.00216277  -0.00070273
  0.00138008   0.00044841    -0.03719193  -0.01208439    -0.00247785   0.00762603
    6    5
  0.00143740  -0.00442386    -0.00089730   0.00276161     0.00784730   0.00254974
  0.00127397  -0.00392089     0.00086948  -0.00267598     0.00216277   0.00070273
 -0.00138008  -0.00044841     0.03719193   0.01208439    -0.00247785   0.00762603
    6    6
  0.10360747   0.00000000     0.00241372   0.00000000     0.00000000   0.00000000
  0.00241372   0.00000000     0.68454237   0.00000000     0.00000000   0.00000000
  0.00000000   0.00000000     0.00000000   0.00000000     0.10211482   0.00000000
    6    7
 -0.00376581   0.00000000    -0.08327777   0.00000000    -0.00000000   0.00000000
 -0.00966783   0.00000000    -0.00376581   0.00000000     0.00000000  -0.00000000
 -0.00000000   0.00000000     0.00000000   0.00000000     0.00010124   0.00000000
    7    1
  0.00026192  -0.00080610    -0.00120170   0.00369844     0.00036207   0.00011764
  0.00104355  -0.00321171    -0.00179337   0.00551942     0.00138983   0.00045158
  0.00157023   0.00051020     0.00711771   0.00231268    -0.00053918   0.00165941
    7    2
  0.00026192  -0.00080610    -0.00120170   0.00369844    -0.00036207  -0.00011764
  0.00104355  -0.00321171    -0.00179337   0.00551942    -0.00138983  -0.00045158
 -0.00157023  -0.00051020    -0.00711771  -0.00231268    -0.00053918   0.00165941
    7    3
 -0.06980128   0.21482627    -0.01139720   0.03507699     0.00000000   0.00000000
 -0.00034506   0.00106198    -0.00766487   0.02359005    -0.00000000   0.00000000
  0.00000000   0.00000000    -0.00000000  -0.00000000    -0.01210718   0.03726208
    7    4
  0.00086948  -0.00267598     0.00127397  -0.00392089     0.00216277   0.00070273
 -0.00089730   0.00276161     0.00143740  -0.00442386     0.00784730   0.00254974
  0.03719193   0.01208439    -0.00138008  -0.00044841    -0.00247785   0.00762603
    7    5
  0.00086948  -0.00267598     0.00127397  -0.00392089    -0.00216277  -0.00070273
 -0.00089730   0.00276161     0.00143740  -0.00442386    -0.00784730  -0.00254974
 -0.03719193  -0.01208439     0.00138008   0.00044841    -0.00247785   0.00762603
    7    6
 -0.00376581   0.00000000    -0.00966783   0.00000000    -0.00000000   0.00000000
 -0.08327777   0.00000000    -0.00376581   0.00000000     0.00000000  -0.00000000
 -0.00000000   0.00000000     0.00000000   0.00000000     0.00010124   0.00000000
    7    7
  0.68454237   0.00000000     0.00241372   0.00000000     0.00000000   0.00000000
  0.00241372   0.00000000     0.10360747   0.00000000     0.00000000   0.00000000
  0.00000000   0.00000000     0.00000000   0.00000000     0.10211482   0.00000000

     Dynamical  Matrix in cartesian axes

     q = (    0.400000000  -0.400000000   0.000000000 ) 

    1    1
  0.12374828   0.00000000    -0.00247388   0.00000000    -0.00000000  -0.00155631
 -0.00247388   0.00000000     0.12374828   0.00000000     0.00000000   0.00155631
 -0.00000000   0.00155631     0.00000000  -0.00155631     0.17006893   0.00000000
    1    2
  0.00296739   0.00000000    -0.02375449   0.00000000     0.00000000   0.01309265
 -0.02375449   0.00000000     0.00296739   0.00000000     0.00000000  -0.01309265
  0.00000000   0.01309265     0.00000000  -0.01309265    -0.02062786   0.00000000
    1    3
 -0.00298194  -0.00000000    -0.07585370  -0.00000000     0.00000000  -0.02376284
 -0.07585370  -0.00000000    -0.00298194  -0.00000000    -0.00000000   0.02376284
  0.00000000  -0.02337601     0.00000000   0.02337601    -0.02574670  -0.00000000
    1    4
 -0.01318121  -0.00000000     0.00421363  -0.00000000     0.00000000  -0.00079361
  0.00421363  -0.00000000    -0.01318121  -0.00000000    -0.00000000   0.00079361
  0.00000000  -0.00106895    -0.00000000   0.00106895    -0.04422321  -0.00000000
    1    5
 -0.00080112   0.00000000     0.02908652  -0.00000000     0.00000000   0.01010041
  0.02908652  -0.00000000    -0.00080112   0.00000000     0.00000000  -0.01010041
 -0.00000000  -0.00293626     0.00000000   0.00293626     0.00023443   0.00000000
    1    6
 -0.00179337   0.00551942    -0.00120170   0.00369844    -0.00711771  -0.00231268
  0.00104355  -0.00321171     0.00026192  -0.00080610    -0.00157023  -0.00051020
 -0.00138983  -0.00045158    -0.00036207  -0.00011764    -0.00053918   0.00165941
    1    7
  0.00026192  -0.00080610     0.00104355  -0.00321171     0.00157023   0.00051020
 -0.00120170   0.00369844    -0.00179337   0.00551942     0.00711771   0.00231268
  0.00036207   0.00011764     0.00138983   0.00045158    -0.00053918   0.00165941
    2    1
  0.00296739   0.00000000    -0.02375449   0.00000000     0.00000000  -0.01309265
 -0.02375449   0.00000000     0.00296739  -0.00000000    -0.00000000   0.01309265
  0.00000000  -0.01309265    -0.00000000   0.01309265    -0.02062786   0.00000000
    2    2
  0.12374828   0.00000000    -0.00247388   0.00000000    -0.00000000   0.00155631
 -0.00247388   0.00000000     0.12374828   0.00000000     0.00000000  -0.00155631
 -0.00000000  -0.00155631     0.00000000   0.00155631     0.17006893   0.00000000
    2    3
 -0.00298194  -0.00000000    -0.07585370  -0.00000000     0.00000000   0.02376284
 -0.07585370  -0.00000000    -0.00298194  -0.00000000    -0.00000000  -0.02376284
  0.00000000   0.02337601     0.00000000  -0.02337601    -0.02574670  -0.00000000
    2    4
 -0.00080112  -0.00000000     0.02908652  -0.00000000     0.00000000  -0.01010041
  0.02908652  -0.00000000    -0.00080112  -0.00000000     0.00000000   0.01010041
  0.00000000   0.00293626     0.00000000  -0.00293626     0.00023443   0.00000000
    2    5
 -0.01318121  -0.00000000     0.00421363  -0.00000000     0.00000000   0.00079361
  0.00421363  -0.00000000    -0.01318121  -0.00000000    -0.00000000  -0.00079361
  0.00000000   0.00106895    -0.00000000  -0.00106895    -0.04422321  -0.00000000
    2    6
 -0.00179337   0.00551942    -0.00120170   0.00369844     0.00711771   0.00231268
  0.00104355  -0.00321171     0.00026192  -0.00080610     0.00157023   0.00051020
  0.00138983   0.00045158     0.00036207   0.00011764    -0.00053918   0.00165941
    2    7
  0.00026192  -0.00080610     0.00104355  -0.00321171    -0.00157023  -0.00051020
 -0.00120170   0.00369844    -0.00179337   0.00551942    -0.00711771  -0.00231268
 -0.00036207  -0.00011764    -0.00138983  -0.00045158    -0.00053918   0.00165941
    3    1
 -0.00298194   0.00000000    -0.07585370   0.00000000    -0.00000000   0.02337601
 -0.07585370   0.00000000    -0.00298194  -0.00000000     0.00000000  -0.02337601
 -0.00000000   0.02376284     0.00000000  -0.02376284    -0.02574670  -0.00000000
    3    2
 -0.00298194   0.00000000    -0.07585370  -0.00000000     0.00000000  -0.02337601
 -0.07585370  -0.00000000    -0.00298194   0.00000000     0.00000000   0.02337601
  0.00000000  -0.02376284    -0.00000000   0.02376284    -0.02574670  -0.00000000
    3    3
  0.71270036   0.00000000    -0.01980790   0.00000000     0.00000000   0.00000000
 -0.01980790   0.00000000     0.71270036   0.00000000     0.00000000   0.00000000
  0.00000000   0.00000000     0.00000000   0.00000000     0.48188777   0.00000000
    3    4
 -0.05980699   0.00000000     0.00068818   0.00000000     0.00000000  -0.00045983
  0.00068818   0.00000000    -0.05980699   0.00000000    -0.00000000   0.00045983
  0.00000000  -0.00251090    -0.00000000   0.00251090    -0.09998206   0.00000000
    3    5
 -0.05980699   0.00000000     0.00068818   0.00000000     0.00000000   0.00045983
  0.00068818   0.00000000    -0.05980699   0.00000000    -0.00000000  -0.00045983
  0.00000000   0.00251090    -0.00000000  -0.00251090    -0.09998206   0.00000000
    3    6
 -0.00766487   0.02359005    -0.01139720   0.03507699     0.00000000   0.00000000
 -0.00034506   0.00106198    -0.06980128   0.21482627     0.00000000   0.00000000
  0.00000000   0.00000000    -0.00000000   0.00000000    -0.01210718   0.03726208
    3    7
 -0.06980128   0.21482627    -0.00034506   0.00106198     0.00000000   0.00000000
 -0.01139720   0.03507699    -0.00766487   0.02359005    -0.00000000   0.00000000
  0.00000000   0.00000000    -0.00000000  -0.00000000    -0.01210718   0.03726208
    4    1
 -0.01318121  -0.00000000     0.00421363  -0.00000000     0.00000000   0.00106895
  0.00421363  -0.00000000    -0.01318121  -0.00000000    -0.00000000  -0.00106895
  0.00000000   0.00079361    -0.00000000  -0.00079361    -0.04422321  -0.00000000
    4    2
 -0.00080112   0.00000000     0.02908652  -0.00000000     0.00000000  -0.00293626
  0.02908652  -0.00000000    -0.00080112  -0.00000000     0.00000000   0.00293626
 -0.00000000   0.01010041     0.00000000  -0.01010041     0.00023443   0.00000000
    4    3
 -0.05980699  -0.00000000     0.00068818   0.00000000     0.00000000   0.00251090
  0.00068818   0.00000000    -0.05980699  -0.00000000     0.00000000  -0.00251090
  0.00000000   0.00045983     0.00000000  -0.00045983    -0.09998206   0.00000000
    4    4
  0.08937210   0.00000000    -0.00339376   0.00000000    -0.00000000  -0.00046359
 -0.00339376   0.00000000     0.08937210  -0.00000000    -0.00000000   0.00046359
  0.00000000   0.00046359    -0.00000000  -0.00046359     0.26547988   0.00000000
    4    5
  0.00995910   0.00000000    -0.01305673   0.00000000    -0.00000000  -0.00892404
 -0.01305673   0.00000000     0.00995910   0.00000000     0.00000000   0.00892404
 -0.00000000  -0.00892404     0.00000000   0.00892404    -0.02962332   0.00000000
    4    6
  0.00143740  -0.00442386     0.00127397  -0.00392089     0.00138008   0.00044841
 -0.00089730   0.00276161     0.00086948  -0.00267598    -0.03719193  -0.01208439
 -0.00784730  -0.00254974    -0.00216277  -0.00070273    -0.00247785   0.00762603
    4    7
  0.00086948  -0.00267598    -0.00089730   0.00276161     0.03719193   0.01208439
  0.00127397  -0.00392089     0.00143740  -0.00442386    -0.00138008  -0.00044841
  0.00216277   0.00070273     0.00784730   0.00254974    -0.00247785   0.00762603
    5    1
 -0.00080112  -0.00000000     0.02908652   0.00000000     0.00000000   0.00293626
  0.02908652  -0.00000000    -0.00080112  -0.00000000     0.00000000  -0.00293626
  0.00000000  -0.01010041    -0.00000000   0.01010041     0.00023443   0.00000000
    5    2
 -0.01318121  -0.00000000     0.00421363  -0.00000000     0.00000000  -0.00106895
  0.00421363  -0.00000000    -0.01318121  -0.00000000    -0.00000000   0.00106895
  0.00000000  -0.00079361    -0.00000000   0.00079361    -0.04422321  -0.00000000
    5    3
 -0.05980699   0.00000000     0.00068818  -0.00000000     0.00000000  -0.00251090
  0.00068818  -0.00000000    -0.05980699   0.00000000     0.00000000   0.00251090
  0.00000000  -0.00045983     0.00000000   0.00045983    -0.09998206   0.00000000
    5    4
  0.00995910   0.00000000    -0.01305673   0.00000000    -0.00000000   0.00892404
 -0.01305673   0.00000000     0.00995910   0.00000000     0.00000000  -0.00892404
 -0.00000000   0.00892404     0.00000000  -0.00892404    -0.02962332   0.00000000
    5    5
  0.08937210   0.00000000    -0.00339376  -0.00000000    -0.00000000   0.00046359
 -0.00339376   0.00000000     0.08937210   0.00000000    -0.00000000  -0.00046359
  0.00000000  -0.00046359    -0.00000000   0.00046359     0.26547988   0.00000000
    5    6
  0.00143740  -0.00442386     0.00127397  -0.00392089    -0.00138008  -0.00044841
 -0.00089730   0.00276161     0.00086948  -0.00267598     0.03719193   0.01208439
  0.00784730   0.00254974     0.00216277   0.00070273    -0.00247785   0.00762603
    5    7
  0.00086948  -0.00267598    -0.00089730   0.00276161    -0.03719193  -0.01208439
  0.00127397  -0.00392089     0.00143740  -0.00442386     0.00138008   0.00044841
 -0.00216277  -0.00070273    -0.00784730  -0.00254974    -0.00247785   0.00762603
    6    1
 -0.00179337  -0.00551942     0.00104355   0.00321171    -0.00138983   0.00045158
 -0.00120170  -0.00369844     0.00026192   0.00080610    -0.00036207   0.00011764
 -0.00711771   0.00231268    -0.00157023   0.00051020    -0.00053918  -0.00165941
    6    2
 -0.00179337  -0.00551942     0.00104355   0.00321171     0.00138983  -0.00045158
 -0.00120170  -0.00369844     0.00026192   0.00080610     0.00036207  -0.00011764
  0.00711771  -0.00231268     0.00157023  -0.00051020    -0.00053918  -0.00165941
    6    3
 -0.00766487  -0.02359005    -0.00034506  -0.00106198     0.00000000   0.00000000
 -0.01139720  -0.03507699    -0.06980128  -0.21482627    -0.00000000  -0.00000000
  0.00000000   0.00000000     0.00000000   0.00000000    -0.01210718  -0.03726208
    6    4
  0.00143740   0.00442386    -0.00089730  -0.00276161    -0.00784730   0.00254974
  0.00127397   0.00392089     0.00086948   0.00267598    -0.00216277   0.00070273
  0.00138008  -0.00044841    -0.03719193   0.01208439    -0.00247785  -0.00762603
    6    5
  0.00143740   0.00442386    -0.00089730  -0.00276161     0.00784730  -0.00254974
  0.00127397   0.00392089     0.00086948   0.00267598     0.00216277  -0.00070273
 -0.00138008   0.00044841     0.03719193  -0.01208439    -0.00247785  -0.00762603
    6    6
  0.10360747   0.00000000     0.00241372   0.00000000     0.00000000   0.00000000
  0.00241372   0.00000000     0.68454237   0.00000000     0.00000000   0.00000000
  0.00000000   0.00000000     0.00000000   0.00000000     0.10211482   0.00000000
    6    7
 -0.00376581   0.00000000    -0.08327777   0.00000000    -0.00000000   0.00000000
 -0.00966783   0.00000000    -0.00376581   0.00000000     0.00000000  -0.00000000
 -0.00000000   0.00000000     0.00000000   0.00000000     0.00010124   0.00000000
    7    1
  0.00026192   0.00080610    -0.00120170  -0.00369844     0.00036207  -0.00011764
  0.00104355   0.00321171    -0.00179337  -0.00551942     0.00138983  -0.00045158
  0.00157023  -0.00051020     0.00711771  -0.00231268    -0.00053918  -0.00165941
    7    2
  0.00026192   0.00080610    -0.00120170  -0.00369844    -0.00036207   0.00011764
  0.00104355   0.00321171    -0.00179337  -0.00551942    -0.00138983   0.00045158
 -0.00157023   0.00051020    -0.00711771   0.00231268    -0.00053918  -0.00165941
    7    3
 -0.06980128  -0.21482627    -0.01139720  -0.03507699     0.00000000   0.00000000
 -0.00034506  -0.00106198    -0.00766487  -0.02359005    -0.00000000   0.00000000
  0.00000000  -0.00000000    -0.00000000   0.00000000    -0.01210718  -0.03726208
    7    4
  0.00086948   0.00267598     0.00127397   0.00392089     0.00216277  -0.00070273
 -0.00089730  -0.00276161     0.00143740   0.00442386     0.00784730  -0.00254974
  0.03719193  -0.01208439    -0.00138008   0.00044841    -0.00247785  -0.00762603
    7    5
  0.00086948   0.00267598     0.00127397   0.00392089    -0.00216277   0.00070273
 -0.00089730  -0.00276161     0.00143740   0.00442386    -0.00784730   0.00254974
 -0.03719193   0.01208439     0.00138008  -0.00044841    -0.00247785  -0.00762603
    7    6
 -0.00376581   0.00000000    -0.00966783   0.00000000    -0.00000000   0.00000000
 -0.08327777   0.00000000    -0.00376581   0.00000000     0.00000000  -0.00000000
 -0.00000000   0.00000000     0.00000000   0.00000000     0.00010124   0.00000000
    7    7
  0.68454237   0.00000000     0.00241372   0.00000000     0.00000000   0.00000000
  0.00241372   0.00000000     0.10360747   0.00000000     0.00000000   0.00000000
  0.00000000   0.00000000     0.00000000   0.00000000     0.10211482   0.00000000

     Diagonalizing the dynamical matrix

     q = (    0.400000000   0.400000000   0.000000000 ) 

 **************************************************************************
     freq (    1) =       2.825754 [THz] =      94.257003 [cm-1]
 ( -0.225279 -0.073197 -0.225279 -0.073197 -0.006268  0.019289 ) 
 (  0.225279  0.073197  0.225279  0.073197 -0.006268  0.019289 ) 
 ( -0.000000 -0.000000  0.000000  0.000000 -0.052688  0.162156 ) 
 (  0.306858  0.099704  0.306858  0.099704 -0.019087  0.058743 ) 
 ( -0.306858 -0.099704 -0.306858 -0.099704 -0.019087  0.058743 ) 
 ( -0.000000  0.000000  0.000000 -0.000000  0.324431  0.235713 ) 
 (  0.000000 -0.000000  0.000000  0.000000 -0.401018  0.000000 ) 
     freq (    2) =       2.941978 [THz] =      98.133818 [cm-1]
 ( -0.290172 -0.091259  0.290172  0.091259  0.000000  0.000000 ) 
 ( -0.290172 -0.091259  0.290172  0.091259  0.000000 -0.000000 ) 
 ( -0.117063 -0.036816  0.117063  0.036816 -0.000000 -0.000000 ) 
 ( -0.000827 -0.000260  0.000827  0.000260 -0.000000  0.000000 ) 
 ( -0.000827 -0.000260  0.000827  0.000260  0.000000 -0.000000 ) 
 ( -0.316215  0.443999  0.030457 -0.042765 -0.000000  0.000000 ) 
 ( -0.000496 -0.052500  0.005153  0.545069  0.000000  0.000000 ) 
     freq (    3) =       3.466731 [THz] =     115.637691 [cm-1]
 (  0.273496  0.088864 -0.273496 -0.088864 -0.000000 -0.000000 ) 
 ( -0.273496 -0.088864  0.273496  0.088864  0.000000 -0.000000 ) 
 ( -0.000000  0.000000  0.000000  0.000000 -0.000000 -0.000000 ) 
 (  0.310761  0.100972 -0.310761 -0.100972 -0.000000 -0.000000 ) 
 ( -0.310761 -0.100972  0.310761  0.100972  0.000000 -0.000000 ) 
 ( -0.000000  0.000000 -0.000000 -0.000000 -0.281499 -0.204521 ) 
 ( -0.000000 -0.000000 -0.000000  0.000000 -0.347952  0.000000 ) 
     freq (    4) =       3.833463 [THz] =     127.870552 [cm-1]
 (  0.150872  0.049021  0.150872  0.049021 -0.148965  0.458468 ) 
 ( -0.150872 -0.049021 -0.150872 -0.049021 -0.148965  0.458468 ) 
 (  0.000000  0.000000  0.000000  0.000000 -0.069253  0.213139 ) 
 (  0.150048  0.048754  0.150048  0.048754 -0.069323  0.213353 ) 
 ( -0.150048 -0.048754 -0.150048 -0.048754 -0.069323  0.213353 ) 
 ( -0.000000  0.000000  0.000000 -0.000000  0.245474  0.178347 ) 
 ( -0.000000  0.000000  0.000000  0.000000 -0.303422  0.000000 ) 
     freq (    5) =       3.867142 [THz] =     128.993973 [cm-1]
 ( -0.311823 -0.310524 -0.311823 -0.310524 -0.173935  0.174663 ) 
 ( -0.311823 -0.310524 -0.311823 -0.310524  0.173935 -0.174663 ) 
 (  0.077573  0.077250  0.077573  0.077250  0.000000 -0.000000 ) 
 ( -0.092854 -0.092467 -0.092854 -0.092467 -0.045988  0.046180 ) 
 ( -0.092854 -0.092467 -0.092854 -0.092467  0.045988 -0.046180 ) 
 ( -0.007959  0.004076  0.031660 -0.016215 -0.000000 -0.000000 ) 
 ( -0.016083  0.031728  0.004043 -0.007976  0.000000  0.000000 ) 
     freq (    6) =       3.951817 [THz] =     131.818414 [cm-1]
 ( -0.082523 -0.078330  0.082523  0.078330  0.000000 -0.000000 ) 
 ( -0.082523 -0.078330  0.082523  0.078330 -0.000000  0.000000 ) 
 (  0.003716  0.003527 -0.003716 -0.003527 -0.000000  0.000000 ) 
 (  0.015068  0.014303 -0.015068 -0.014303  0.000000  0.000000 ) 
 (  0.015068  0.014303 -0.015068 -0.014303 -0.000000  0.000000 ) 
 (  0.604583 -0.328169 -0.001742  0.000946 -0.000000  0.000000 ) 
 ( -0.000854  0.001789  0.296225 -0.620859 -0.000000  0.000000 ) 
     freq (    7) =       4.738284 [THz] =     158.052145 [cm-1]
 (  0.140039  0.045501  0.140039  0.045501  0.058587 -0.180311 ) 
 ( -0.140039 -0.045501 -0.140039 -0.045501  0.058587 -0.180311 ) 
 ( -0.000000 -0.000000  0.000000  0.000000 -0.006784  0.020878 ) 
 (  0.349054  0.113415  0.349054  0.113415  0.006118 -0.018828 ) 
 ( -0.349054 -0.113415 -0.349054 -0.113415  0.006118 -0.018828 ) 
 (  0.000000 -0.000000  0.000000 -0.000000  0.314016  0.228146 ) 
 ( -0.000000 -0.000000 -0.000000 -0.000000 -0.388145  0.000000 ) 
     freq (    8) =       5.004664 [THz] =     166.937605 [cm-1]
 (  0.157001 -0.063492  0.157001 -0.063492  0.227212  0.561839 ) 
 (  0.157001 -0.063492  0.157001 -0.063492 -0.227212 -0.561839 ) 
 (  0.049666 -0.020085  0.049666 -0.020085  0.000000 -0.000000 ) 
 (  0.161542 -0.065329  0.161542 -0.065329  0.038249  0.094581 ) 
 (  0.161542 -0.065329  0.161542 -0.065329 -0.038249 -0.094581 ) 
 ( -0.002415 -0.034379 -0.000877 -0.012483  0.000000 -0.000000 ) 
 (  0.008047  0.009583  0.022161  0.026393  0.000000  0.000000 ) 
     freq (    9) =       6.171044 [THz] =     205.843864 [cm-1]
 (  0.118741  0.038581 -0.118741 -0.038581 -0.000000  0.000000 ) 
 ( -0.118741 -0.038581  0.118741  0.038581 -0.000000  0.000000 ) 
 (  0.000000  0.000000 -0.000000 -0.000000  0.000000 -0.000000 ) 
 ( -0.332308 -0.107973  0.332308  0.107973  0.000000 -0.000000 ) 
 (  0.332308  0.107973 -0.332308 -0.107973  0.000000 -0.000000 ) 
 ( -0.000000  0.000000 -0.000000  0.000000  0.383452  0.278594 ) 
 ( -0.000000  0.000000 -0.000000  0.000000  0.473973  0.000000 ) 
     freq (   10) =       6.493948 [THz] =     216.614784 [cm-1]
 (  0.030678  0.011105 -0.030678 -0.011105 -0.000000  0.000000 ) 
 (  0.030678  0.011105 -0.030678 -0.011105 -0.000000  0.000000 ) 
 ( -0.190371 -0.068914  0.190371  0.068914  0.000000 -0.000000 ) 
 ( -0.441936 -0.159980  0.441936  0.159980  0.000000 -0.000000 ) 
 ( -0.441936 -0.159980  0.441936  0.159980  0.000000 -0.000000 ) 
 (  0.059731 -0.076727  0.046066 -0.059175  0.000000  0.000000 ) 
 (  0.002487 -0.074950  0.003224 -0.097183  0.000000  0.000000 ) 
     freq (   11) =       6.816080 [THz] =     227.359941 [cm-1]
 (  0.030799  0.010007  0.030799  0.010007  0.048439 -0.149081 ) 
 ( -0.030799 -0.010007 -0.030799 -0.010007  0.048439 -0.149081 ) 
 ( -0.000000 -0.000000  0.000000  0.000000 -0.172169  0.529882 ) 
 ( -0.312476 -0.101530 -0.312476 -0.101530 -0.098680  0.303705 ) 
 (  0.312476  0.101530  0.312476  0.101530 -0.098680  0.303705 ) 
 (  0.000000 -0.000000  0.000000 -0.000000 -0.012767 -0.009276 ) 
 (  0.000000 -0.000000 -0.000000 -0.000000  0.015781  0.000000 ) 
     freq (   12) =       7.607144 [THz] =     253.747024 [cm-1]
 (  0.003534  0.001080  0.003534  0.001080 -0.021959  0.071889 ) 
 (  0.003534  0.001080  0.003534  0.001080  0.021959 -0.071889 ) 
 ( -0.272805 -0.083331 -0.272805 -0.083331  0.000000 -0.000000 ) 
 ( -0.430173 -0.131400 -0.430173 -0.131400  0.005056 -0.016552 ) 
 ( -0.430173 -0.131400 -0.430173 -0.131400 -0.005056  0.016552 ) 
 ( -0.002690  0.003844 -0.051297  0.073298  0.000000  0.000000 ) 
 ( -0.001584 -0.089451 -0.000083 -0.004692  0.000000  0.000000 ) 
     freq (   13) =       9.539214 [THz] =     318.193916 [cm-1]
 ( -0.051806 -0.018996  0.051806  0.018996  0.000000 -0.000000 ) 
 ( -0.051806 -0.018996  0.051806  0.018996 -0.000000 -0.000000 ) 
 (  0.272042  0.099749 -0.272042 -0.099749  0.000000  0.000000 ) 
 ( -0.409443 -0.150130  0.409443  0.150130 -0.000000  0.000000 ) 
 ( -0.409443 -0.150130  0.409443  0.150130  0.000000  0.000000 ) 
 ( -0.054146  0.068965 -0.091391  0.116402  0.000000  0.000000 ) 
 ( -0.005517  0.147890 -0.003269  0.087620  0.000000  0.000000 ) 
     freq (   14) =      10.384999 [THz] =     346.406287 [cm-1]
 (  0.045780  0.021040  0.045780  0.021040  0.003000 -0.006528 ) 
 (  0.045780  0.021040  0.045780  0.021040 -0.003000  0.006528 ) 
 (  0.188267  0.086524  0.188267  0.086524  0.000000  0.000000 ) 
 ( -0.385448 -0.177145 -0.385448 -0.177145  0.011910 -0.025916 ) 
 ( -0.385448 -0.177145 -0.385448 -0.177145 -0.011910  0.025916 ) 
 (  0.198860 -0.215633  0.048811 -0.052928  0.000000  0.000000 ) 
 ( -0.008378  0.071510 -0.034135  0.291338  0.000000  0.000000 ) 
     freq (   15) =      10.515652 [THz] =     350.764404 [cm-1]
 (  0.004198  0.001364  0.004198  0.001364 -0.000875  0.002694 ) 
 ( -0.004198 -0.001364 -0.004198 -0.001364 -0.000875  0.002694 ) 
 ( -0.000000 -0.000000 -0.000000 -0.000000 -0.033787  0.103984 ) 
 (  0.272088  0.088407  0.272088  0.088407  0.012193 -0.037527 ) 
 ( -0.272088 -0.088407 -0.272088 -0.088407  0.012193 -0.037527 ) 
 ( -0.000000  0.000000 -0.000000  0.000000 -0.463845 -0.337003 ) 
 (  0.000000 -0.000000  0.000000 -0.000000  0.573344  0.000000 ) 
     freq (   16) =      10.534773 [THz] =     351.402215 [cm-1]
 (  0.010754  0.003494 -0.010754 -0.003494 -0.000000  0.000000 ) 
 ( -0.010754 -0.003494  0.010754  0.003494 -0.000000  0.000000 ) 
 (  0.000000  0.000000  0.000000  0.000000 -0.000000  0.000000 ) 
 ( -0.317961 -0.103312  0.317961  0.103312  0.000000 -0.000000 ) 
 (  0.317961  0.103312 -0.317961 -0.103312  0.000000 -0.000000 ) 
 (  0.000000 -0.000000 -0.000000 -0.000000 -0.425176 -0.308909 ) 
 (  0.000000  0.000000 -0.000000  0.000000 -0.525547  0.000000 ) 
     freq (   17) =      11.854473 [THz] =     395.422655 [cm-1]
 ( -0.008502  0.014923 -0.008502  0.014923 -0.006211 -0.003538 ) 
 ( -0.008502  0.014923 -0.008502  0.014923  0.006211  0.003538 ) 
 ( -0.031314  0.054962 -0.031314  0.054962 -0.000000  0.000000 ) 
 (  0.058564 -0.102791  0.058564 -0.102791  0.109051  0.062131 ) 
 (  0.058564 -0.102791  0.058564 -0.102791 -0.109051 -0.062131 ) 
 ( -0.452400 -0.496692  0.010532  0.011564  0.000000 -0.000000 ) 
 ( -0.015318 -0.003164  0.657948  0.135919  0.000000  0.000000 ) 
     freq (   18) =      13.815747 [THz] =     460.843714 [cm-1]
 ( -0.006370 -0.002070 -0.006370 -0.002070  0.006620 -0.020374 ) 
 (  0.006370  0.002070  0.006370  0.002070  0.006620 -0.020374 ) 
 ( -0.000000 -0.000000 -0.000000  0.000000  0.036123 -0.111176 ) 
 (  0.048133  0.015639  0.048133  0.015639 -0.214706  0.660799 ) 
 ( -0.048133 -0.015639 -0.048133 -0.015639 -0.214706  0.660799 ) 
 (  0.000000 -0.000000 -0.000000 -0.000000 -0.055714 -0.040479 ) 
 (  0.000000 -0.000000 -0.000000  0.000000  0.068866  0.000000 ) 
     freq (   19) =      14.927722 [THz] =     497.935223 [cm-1]
 (  0.003932  0.006152  0.003932  0.006152  0.017696 -0.011310 ) 
 (  0.003932  0.006152  0.003932  0.006152 -0.017696  0.011310 ) 
 (  0.005210  0.008153  0.005210  0.008153  0.000000  0.000000 ) 
 ( -0.022042 -0.034490 -0.022042 -0.034490 -0.586251  0.374675 ) 
 ( -0.022042 -0.034490 -0.022042 -0.034490  0.586251 -0.374675 ) 
 ( -0.105598  0.027472 -0.005331  0.001387 -0.000000 -0.000000 ) 
 (  0.003498 -0.004256  0.069283 -0.084294  0.000000  0.000000 ) 
     freq (   20) =      22.695564 [THz] =     757.042517 [cm-1]
 (  0.000456  0.000336 -0.000456 -0.000336 -0.000000  0.000000 ) 
 (  0.000456  0.000336 -0.000456 -0.000336 -0.000000 -0.000000 ) 
 ( -0.040790 -0.029996  0.040790  0.029996 -0.000000  0.000000 ) 
 (  0.010409  0.007654 -0.010409 -0.007654 -0.000000  0.000000 ) 
 (  0.010409  0.007654 -0.010409 -0.007654  0.000000  0.000000 ) 
 (  0.000484 -0.000348 -0.572778  0.411129  0.000000 -0.000000 ) 
 ( -0.221732  0.669281  0.000187 -0.000566 -0.000000  0.000000 ) 
     freq (   21) =      22.857627 [THz] =     762.448366 [cm-1]
 (  0.000069  0.000203  0.000069  0.000203 -0.000485  0.000165 ) 
 (  0.000069  0.000203  0.000069  0.000203  0.000485 -0.000165 ) 
 ( -0.011553 -0.034034 -0.011553 -0.034034  0.000000 -0.000000 ) 
 (  0.000611  0.001800  0.000611  0.001800 -0.007513  0.002550 ) 
 (  0.000611  0.001800  0.000611  0.001800  0.007513 -0.002550 ) 
 ( -0.007000  0.000092  0.706048 -0.009241 -0.000000 -0.000000 ) 
 ( -0.565773  0.422481  0.005609 -0.004189 -0.000000  0.000000 ) 
 **************************************************************************
