&CONTROL
    prefix = 'Sr2RuO4'
    outdir = 'work'
    pseudo_dir = 'pp'

    calculation = 'nscf'
/
&SYSTEM
    ntyp = 3
    nat = 7

    ibrav = 7 ! PRB 52, R9843 @ 100 K
    a = 3.863
    c = 12.724

    ecutwfc = 90

    occupations = 'smearing'
    smearing = 'mv'
    degauss = 0.02

    nbnd = 88 ! used for Wannierization

    noncolin = true
    lspinorb = true
/
&ELECTRONS
    conv_thr = 1e-12
    diago_full_acc = true
/

ATOMIC_SPECIES
Sr 87.62 Sr_fr.upf
Ru 101.07 Ru_fr.upf
O 15.999 O_fr.upf

ATOMIC_POSITIONS crystal
Sr  0.0  0.3522607692  0.3522607692
Sr  0.0 -0.3522607692 -0.3522607692
Ru  0.0  0.0  0.0
O   0.0  0.1633721974  0.1633721974
O   0.0 -0.1633721974 -0.1633721974
O   0.5 -0.5  0.0
O   0.5  0.0 -0.5

K_POINTS crystal
1000
0.0 0.0 0.0 0.001
0.0 0.0 0.1 0.001
0.0 0.0 0.2 0.001
0.0 0.0 0.3 0.001
0.0 0.0 0.4 0.001
0.0 0.0 0.5 0.001
0.0 0.0 0.6 0.001
0.0 0.0 0.7 0.001
0.0 0.0 0.8 0.001
0.0 0.0 0.9 0.001
0.0 0.1 0.0 0.001
0.0 0.1 0.1 0.001
0.0 0.1 0.2 0.001
0.0 0.1 0.3 0.001
0.0 0.1 0.4 0.001
0.0 0.1 0.5 0.001
0.0 0.1 0.6 0.001
0.0 0.1 0.7 0.001
0.0 0.1 0.8 0.001
0.0 0.1 0.9 0.001
0.0 0.2 0.0 0.001
0.0 0.2 0.1 0.001
0.0 0.2 0.2 0.001
0.0 0.2 0.3 0.001
0.0 0.2 0.4 0.001
0.0 0.2 0.5 0.001
0.0 0.2 0.6 0.001
0.0 0.2 0.7 0.001
0.0 0.2 0.8 0.001
0.0 0.2 0.9 0.001
0.0 0.3 0.0 0.001
0.0 0.3 0.1 0.001
0.0 0.3 0.2 0.001
0.0 0.3 0.3 0.001
0.0 0.3 0.4 0.001
0.0 0.3 0.5 0.001
0.0 0.3 0.6 0.001
0.0 0.3 0.7 0.001
0.0 0.3 0.8 0.001
0.0 0.3 0.9 0.001
0.0 0.4 0.0 0.001
0.0 0.4 0.1 0.001
0.0 0.4 0.2 0.001
0.0 0.4 0.3 0.001
0.0 0.4 0.4 0.001
0.0 0.4 0.5 0.001
0.0 0.4 0.6 0.001
0.0 0.4 0.7 0.001
0.0 0.4 0.8 0.001
0.0 0.4 0.9 0.001
0.0 0.5 0.0 0.001
0.0 0.5 0.1 0.001
0.0 0.5 0.2 0.001
0.0 0.5 0.3 0.001
0.0 0.5 0.4 0.001
0.0 0.5 0.5 0.001
0.0 0.5 0.6 0.001
0.0 0.5 0.7 0.001
0.0 0.5 0.8 0.001
0.0 0.5 0.9 0.001
0.0 0.6 0.0 0.001
0.0 0.6 0.1 0.001
0.0 0.6 0.2 0.001
0.0 0.6 0.3 0.001
0.0 0.6 0.4 0.001
0.0 0.6 0.5 0.001
0.0 0.6 0.6 0.001
0.0 0.6 0.7 0.001
0.0 0.6 0.8 0.001
0.0 0.6 0.9 0.001
0.0 0.7 0.0 0.001
0.0 0.7 0.1 0.001
0.0 0.7 0.2 0.001
0.0 0.7 0.3 0.001
0.0 0.7 0.4 0.001
0.0 0.7 0.5 0.001
0.0 0.7 0.6 0.001
0.0 0.7 0.7 0.001
0.0 0.7 0.8 0.001
0.0 0.7 0.9 0.001
0.0 0.8 0.0 0.001
0.0 0.8 0.1 0.001
0.0 0.8 0.2 0.001
0.0 0.8 0.3 0.001
0.0 0.8 0.4 0.001
0.0 0.8 0.5 0.001
0.0 0.8 0.6 0.001
0.0 0.8 0.7 0.001
0.0 0.8 0.8 0.001
0.0 0.8 0.9 0.001
0.0 0.9 0.0 0.001
0.0 0.9 0.1 0.001
0.0 0.9 0.2 0.001
0.0 0.9 0.3 0.001
0.0 0.9 0.4 0.001
0.0 0.9 0.5 0.001
0.0 0.9 0.6 0.001
0.0 0.9 0.7 0.001
0.0 0.9 0.8 0.001
0.0 0.9 0.9 0.001
0.1 0.0 0.0 0.001
0.1 0.0 0.1 0.001
0.1 0.0 0.2 0.001
0.1 0.0 0.3 0.001
0.1 0.0 0.4 0.001
0.1 0.0 0.5 0.001
0.1 0.0 0.6 0.001
0.1 0.0 0.7 0.001
0.1 0.0 0.8 0.001
0.1 0.0 0.9 0.001
0.1 0.1 0.0 0.001
0.1 0.1 0.1 0.001
0.1 0.1 0.2 0.001
0.1 0.1 0.3 0.001
0.1 0.1 0.4 0.001
0.1 0.1 0.5 0.001
0.1 0.1 0.6 0.001
0.1 0.1 0.7 0.001
0.1 0.1 0.8 0.001
0.1 0.1 0.9 0.001
0.1 0.2 0.0 0.001
0.1 0.2 0.1 0.001
0.1 0.2 0.2 0.001
0.1 0.2 0.3 0.001
0.1 0.2 0.4 0.001
0.1 0.2 0.5 0.001
0.1 0.2 0.6 0.001
0.1 0.2 0.7 0.001
0.1 0.2 0.8 0.001
0.1 0.2 0.9 0.001
0.1 0.3 0.0 0.001
0.1 0.3 0.1 0.001
0.1 0.3 0.2 0.001
0.1 0.3 0.3 0.001
0.1 0.3 0.4 0.001
0.1 0.3 0.5 0.001
0.1 0.3 0.6 0.001
0.1 0.3 0.7 0.001
0.1 0.3 0.8 0.001
0.1 0.3 0.9 0.001
0.1 0.4 0.0 0.001
0.1 0.4 0.1 0.001
0.1 0.4 0.2 0.001
0.1 0.4 0.3 0.001
0.1 0.4 0.4 0.001
0.1 0.4 0.5 0.001
0.1 0.4 0.6 0.001
0.1 0.4 0.7 0.001
0.1 0.4 0.8 0.001
0.1 0.4 0.9 0.001
0.1 0.5 0.0 0.001
0.1 0.5 0.1 0.001
0.1 0.5 0.2 0.001
0.1 0.5 0.3 0.001
0.1 0.5 0.4 0.001
0.1 0.5 0.5 0.001
0.1 0.5 0.6 0.001
0.1 0.5 0.7 0.001
0.1 0.5 0.8 0.001
0.1 0.5 0.9 0.001
0.1 0.6 0.0 0.001
0.1 0.6 0.1 0.001
0.1 0.6 0.2 0.001
0.1 0.6 0.3 0.001
0.1 0.6 0.4 0.001
0.1 0.6 0.5 0.001
0.1 0.6 0.6 0.001
0.1 0.6 0.7 0.001
0.1 0.6 0.8 0.001
0.1 0.6 0.9 0.001
0.1 0.7 0.0 0.001
0.1 0.7 0.1 0.001
0.1 0.7 0.2 0.001
0.1 0.7 0.3 0.001
0.1 0.7 0.4 0.001
0.1 0.7 0.5 0.001
0.1 0.7 0.6 0.001
0.1 0.7 0.7 0.001
0.1 0.7 0.8 0.001
0.1 0.7 0.9 0.001
0.1 0.8 0.0 0.001
0.1 0.8 0.1 0.001
0.1 0.8 0.2 0.001
0.1 0.8 0.3 0.001
0.1 0.8 0.4 0.001
0.1 0.8 0.5 0.001
0.1 0.8 0.6 0.001
0.1 0.8 0.7 0.001
0.1 0.8 0.8 0.001
0.1 0.8 0.9 0.001
0.1 0.9 0.0 0.001
0.1 0.9 0.1 0.001
0.1 0.9 0.2 0.001
0.1 0.9 0.3 0.001
0.1 0.9 0.4 0.001
0.1 0.9 0.5 0.001
0.1 0.9 0.6 0.001
0.1 0.9 0.7 0.001
0.1 0.9 0.8 0.001
0.1 0.9 0.9 0.001
0.2 0.0 0.0 0.001
0.2 0.0 0.1 0.001
0.2 0.0 0.2 0.001
0.2 0.0 0.3 0.001
0.2 0.0 0.4 0.001
0.2 0.0 0.5 0.001
0.2 0.0 0.6 0.001
0.2 0.0 0.7 0.001
0.2 0.0 0.8 0.001
0.2 0.0 0.9 0.001
0.2 0.1 0.0 0.001
0.2 0.1 0.1 0.001
0.2 0.1 0.2 0.001
0.2 0.1 0.3 0.001
0.2 0.1 0.4 0.001
0.2 0.1 0.5 0.001
0.2 0.1 0.6 0.001
0.2 0.1 0.7 0.001
0.2 0.1 0.8 0.001
0.2 0.1 0.9 0.001
0.2 0.2 0.0 0.001
0.2 0.2 0.1 0.001
0.2 0.2 0.2 0.001
0.2 0.2 0.3 0.001
0.2 0.2 0.4 0.001
0.2 0.2 0.5 0.001
0.2 0.2 0.6 0.001
0.2 0.2 0.7 0.001
0.2 0.2 0.8 0.001
0.2 0.2 0.9 0.001
0.2 0.3 0.0 0.001
0.2 0.3 0.1 0.001
0.2 0.3 0.2 0.001
0.2 0.3 0.3 0.001
0.2 0.3 0.4 0.001
0.2 0.3 0.5 0.001
0.2 0.3 0.6 0.001
0.2 0.3 0.7 0.001
0.2 0.3 0.8 0.001
0.2 0.3 0.9 0.001
0.2 0.4 0.0 0.001
0.2 0.4 0.1 0.001
0.2 0.4 0.2 0.001
0.2 0.4 0.3 0.001
0.2 0.4 0.4 0.001
0.2 0.4 0.5 0.001
0.2 0.4 0.6 0.001
0.2 0.4 0.7 0.001
0.2 0.4 0.8 0.001
0.2 0.4 0.9 0.001
0.2 0.5 0.0 0.001
0.2 0.5 0.1 0.001
0.2 0.5 0.2 0.001
0.2 0.5 0.3 0.001
0.2 0.5 0.4 0.001
0.2 0.5 0.5 0.001
0.2 0.5 0.6 0.001
0.2 0.5 0.7 0.001
0.2 0.5 0.8 0.001
0.2 0.5 0.9 0.001
0.2 0.6 0.0 0.001
0.2 0.6 0.1 0.001
0.2 0.6 0.2 0.001
0.2 0.6 0.3 0.001
0.2 0.6 0.4 0.001
0.2 0.6 0.5 0.001
0.2 0.6 0.6 0.001
0.2 0.6 0.7 0.001
0.2 0.6 0.8 0.001
0.2 0.6 0.9 0.001
0.2 0.7 0.0 0.001
0.2 0.7 0.1 0.001
0.2 0.7 0.2 0.001
0.2 0.7 0.3 0.001
0.2 0.7 0.4 0.001
0.2 0.7 0.5 0.001
0.2 0.7 0.6 0.001
0.2 0.7 0.7 0.001
0.2 0.7 0.8 0.001
0.2 0.7 0.9 0.001
0.2 0.8 0.0 0.001
0.2 0.8 0.1 0.001
0.2 0.8 0.2 0.001
0.2 0.8 0.3 0.001
0.2 0.8 0.4 0.001
0.2 0.8 0.5 0.001
0.2 0.8 0.6 0.001
0.2 0.8 0.7 0.001
0.2 0.8 0.8 0.001
0.2 0.8 0.9 0.001
0.2 0.9 0.0 0.001
0.2 0.9 0.1 0.001
0.2 0.9 0.2 0.001
0.2 0.9 0.3 0.001
0.2 0.9 0.4 0.001
0.2 0.9 0.5 0.001
0.2 0.9 0.6 0.001
0.2 0.9 0.7 0.001
0.2 0.9 0.8 0.001
0.2 0.9 0.9 0.001
0.3 0.0 0.0 0.001
0.3 0.0 0.1 0.001
0.3 0.0 0.2 0.001
0.3 0.0 0.3 0.001
0.3 0.0 0.4 0.001
0.3 0.0 0.5 0.001
0.3 0.0 0.6 0.001
0.3 0.0 0.7 0.001
0.3 0.0 0.8 0.001
0.3 0.0 0.9 0.001
0.3 0.1 0.0 0.001
0.3 0.1 0.1 0.001
0.3 0.1 0.2 0.001
0.3 0.1 0.3 0.001
0.3 0.1 0.4 0.001
0.3 0.1 0.5 0.001
0.3 0.1 0.6 0.001
0.3 0.1 0.7 0.001
0.3 0.1 0.8 0.001
0.3 0.1 0.9 0.001
0.3 0.2 0.0 0.001
0.3 0.2 0.1 0.001
0.3 0.2 0.2 0.001
0.3 0.2 0.3 0.001
0.3 0.2 0.4 0.001
0.3 0.2 0.5 0.001
0.3 0.2 0.6 0.001
0.3 0.2 0.7 0.001
0.3 0.2 0.8 0.001
0.3 0.2 0.9 0.001
0.3 0.3 0.0 0.001
0.3 0.3 0.1 0.001
0.3 0.3 0.2 0.001
0.3 0.3 0.3 0.001
0.3 0.3 0.4 0.001
0.3 0.3 0.5 0.001
0.3 0.3 0.6 0.001
0.3 0.3 0.7 0.001
0.3 0.3 0.8 0.001
0.3 0.3 0.9 0.001
0.3 0.4 0.0 0.001
0.3 0.4 0.1 0.001
0.3 0.4 0.2 0.001
0.3 0.4 0.3 0.001
0.3 0.4 0.4 0.001
0.3 0.4 0.5 0.001
0.3 0.4 0.6 0.001
0.3 0.4 0.7 0.001
0.3 0.4 0.8 0.001
0.3 0.4 0.9 0.001
0.3 0.5 0.0 0.001
0.3 0.5 0.1 0.001
0.3 0.5 0.2 0.001
0.3 0.5 0.3 0.001
0.3 0.5 0.4 0.001
0.3 0.5 0.5 0.001
0.3 0.5 0.6 0.001
0.3 0.5 0.7 0.001
0.3 0.5 0.8 0.001
0.3 0.5 0.9 0.001
0.3 0.6 0.0 0.001
0.3 0.6 0.1 0.001
0.3 0.6 0.2 0.001
0.3 0.6 0.3 0.001
0.3 0.6 0.4 0.001
0.3 0.6 0.5 0.001
0.3 0.6 0.6 0.001
0.3 0.6 0.7 0.001
0.3 0.6 0.8 0.001
0.3 0.6 0.9 0.001
0.3 0.7 0.0 0.001
0.3 0.7 0.1 0.001
0.3 0.7 0.2 0.001
0.3 0.7 0.3 0.001
0.3 0.7 0.4 0.001
0.3 0.7 0.5 0.001
0.3 0.7 0.6 0.001
0.3 0.7 0.7 0.001
0.3 0.7 0.8 0.001
0.3 0.7 0.9 0.001
0.3 0.8 0.0 0.001
0.3 0.8 0.1 0.001
0.3 0.8 0.2 0.001
0.3 0.8 0.3 0.001
0.3 0.8 0.4 0.001
0.3 0.8 0.5 0.001
0.3 0.8 0.6 0.001
0.3 0.8 0.7 0.001
0.3 0.8 0.8 0.001
0.3 0.8 0.9 0.001
0.3 0.9 0.0 0.001
0.3 0.9 0.1 0.001
0.3 0.9 0.2 0.001
0.3 0.9 0.3 0.001
0.3 0.9 0.4 0.001
0.3 0.9 0.5 0.001
0.3 0.9 0.6 0.001
0.3 0.9 0.7 0.001
0.3 0.9 0.8 0.001
0.3 0.9 0.9 0.001
0.4 0.0 0.0 0.001
0.4 0.0 0.1 0.001
0.4 0.0 0.2 0.001
0.4 0.0 0.3 0.001
0.4 0.0 0.4 0.001
0.4 0.0 0.5 0.001
0.4 0.0 0.6 0.001
0.4 0.0 0.7 0.001
0.4 0.0 0.8 0.001
0.4 0.0 0.9 0.001
0.4 0.1 0.0 0.001
0.4 0.1 0.1 0.001
0.4 0.1 0.2 0.001
0.4 0.1 0.3 0.001
0.4 0.1 0.4 0.001
0.4 0.1 0.5 0.001
0.4 0.1 0.6 0.001
0.4 0.1 0.7 0.001
0.4 0.1 0.8 0.001
0.4 0.1 0.9 0.001
0.4 0.2 0.0 0.001
0.4 0.2 0.1 0.001
0.4 0.2 0.2 0.001
0.4 0.2 0.3 0.001
0.4 0.2 0.4 0.001
0.4 0.2 0.5 0.001
0.4 0.2 0.6 0.001
0.4 0.2 0.7 0.001
0.4 0.2 0.8 0.001
0.4 0.2 0.9 0.001
0.4 0.3 0.0 0.001
0.4 0.3 0.1 0.001
0.4 0.3 0.2 0.001
0.4 0.3 0.3 0.001
0.4 0.3 0.4 0.001
0.4 0.3 0.5 0.001
0.4 0.3 0.6 0.001
0.4 0.3 0.7 0.001
0.4 0.3 0.8 0.001
0.4 0.3 0.9 0.001
0.4 0.4 0.0 0.001
0.4 0.4 0.1 0.001
0.4 0.4 0.2 0.001
0.4 0.4 0.3 0.001
0.4 0.4 0.4 0.001
0.4 0.4 0.5 0.001
0.4 0.4 0.6 0.001
0.4 0.4 0.7 0.001
0.4 0.4 0.8 0.001
0.4 0.4 0.9 0.001
0.4 0.5 0.0 0.001
0.4 0.5 0.1 0.001
0.4 0.5 0.2 0.001
0.4 0.5 0.3 0.001
0.4 0.5 0.4 0.001
0.4 0.5 0.5 0.001
0.4 0.5 0.6 0.001
0.4 0.5 0.7 0.001
0.4 0.5 0.8 0.001
0.4 0.5 0.9 0.001
0.4 0.6 0.0 0.001
0.4 0.6 0.1 0.001
0.4 0.6 0.2 0.001
0.4 0.6 0.3 0.001
0.4 0.6 0.4 0.001
0.4 0.6 0.5 0.001
0.4 0.6 0.6 0.001
0.4 0.6 0.7 0.001
0.4 0.6 0.8 0.001
0.4 0.6 0.9 0.001
0.4 0.7 0.0 0.001
0.4 0.7 0.1 0.001
0.4 0.7 0.2 0.001
0.4 0.7 0.3 0.001
0.4 0.7 0.4 0.001
0.4 0.7 0.5 0.001
0.4 0.7 0.6 0.001
0.4 0.7 0.7 0.001
0.4 0.7 0.8 0.001
0.4 0.7 0.9 0.001
0.4 0.8 0.0 0.001
0.4 0.8 0.1 0.001
0.4 0.8 0.2 0.001
0.4 0.8 0.3 0.001
0.4 0.8 0.4 0.001
0.4 0.8 0.5 0.001
0.4 0.8 0.6 0.001
0.4 0.8 0.7 0.001
0.4 0.8 0.8 0.001
0.4 0.8 0.9 0.001
0.4 0.9 0.0 0.001
0.4 0.9 0.1 0.001
0.4 0.9 0.2 0.001
0.4 0.9 0.3 0.001
0.4 0.9 0.4 0.001
0.4 0.9 0.5 0.001
0.4 0.9 0.6 0.001
0.4 0.9 0.7 0.001
0.4 0.9 0.8 0.001
0.4 0.9 0.9 0.001
0.5 0.0 0.0 0.001
0.5 0.0 0.1 0.001
0.5 0.0 0.2 0.001
0.5 0.0 0.3 0.001
0.5 0.0 0.4 0.001
0.5 0.0 0.5 0.001
0.5 0.0 0.6 0.001
0.5 0.0 0.7 0.001
0.5 0.0 0.8 0.001
0.5 0.0 0.9 0.001
0.5 0.1 0.0 0.001
0.5 0.1 0.1 0.001
0.5 0.1 0.2 0.001
0.5 0.1 0.3 0.001
0.5 0.1 0.4 0.001
0.5 0.1 0.5 0.001
0.5 0.1 0.6 0.001
0.5 0.1 0.7 0.001
0.5 0.1 0.8 0.001
0.5 0.1 0.9 0.001
0.5 0.2 0.0 0.001
0.5 0.2 0.1 0.001
0.5 0.2 0.2 0.001
0.5 0.2 0.3 0.001
0.5 0.2 0.4 0.001
0.5 0.2 0.5 0.001
0.5 0.2 0.6 0.001
0.5 0.2 0.7 0.001
0.5 0.2 0.8 0.001
0.5 0.2 0.9 0.001
0.5 0.3 0.0 0.001
0.5 0.3 0.1 0.001
0.5 0.3 0.2 0.001
0.5 0.3 0.3 0.001
0.5 0.3 0.4 0.001
0.5 0.3 0.5 0.001
0.5 0.3 0.6 0.001
0.5 0.3 0.7 0.001
0.5 0.3 0.8 0.001
0.5 0.3 0.9 0.001
0.5 0.4 0.0 0.001
0.5 0.4 0.1 0.001
0.5 0.4 0.2 0.001
0.5 0.4 0.3 0.001
0.5 0.4 0.4 0.001
0.5 0.4 0.5 0.001
0.5 0.4 0.6 0.001
0.5 0.4 0.7 0.001
0.5 0.4 0.8 0.001
0.5 0.4 0.9 0.001
0.5 0.5 0.0 0.001
0.5 0.5 0.1 0.001
0.5 0.5 0.2 0.001
0.5 0.5 0.3 0.001
0.5 0.5 0.4 0.001
0.5 0.5 0.5 0.001
0.5 0.5 0.6 0.001
0.5 0.5 0.7 0.001
0.5 0.5 0.8 0.001
0.5 0.5 0.9 0.001
0.5 0.6 0.0 0.001
0.5 0.6 0.1 0.001
0.5 0.6 0.2 0.001
0.5 0.6 0.3 0.001
0.5 0.6 0.4 0.001
0.5 0.6 0.5 0.001
0.5 0.6 0.6 0.001
0.5 0.6 0.7 0.001
0.5 0.6 0.8 0.001
0.5 0.6 0.9 0.001
0.5 0.7 0.0 0.001
0.5 0.7 0.1 0.001
0.5 0.7 0.2 0.001
0.5 0.7 0.3 0.001
0.5 0.7 0.4 0.001
0.5 0.7 0.5 0.001
0.5 0.7 0.6 0.001
0.5 0.7 0.7 0.001
0.5 0.7 0.8 0.001
0.5 0.7 0.9 0.001
0.5 0.8 0.0 0.001
0.5 0.8 0.1 0.001
0.5 0.8 0.2 0.001
0.5 0.8 0.3 0.001
0.5 0.8 0.4 0.001
0.5 0.8 0.5 0.001
0.5 0.8 0.6 0.001
0.5 0.8 0.7 0.001
0.5 0.8 0.8 0.001
0.5 0.8 0.9 0.001
0.5 0.9 0.0 0.001
0.5 0.9 0.1 0.001
0.5 0.9 0.2 0.001
0.5 0.9 0.3 0.001
0.5 0.9 0.4 0.001
0.5 0.9 0.5 0.001
0.5 0.9 0.6 0.001
0.5 0.9 0.7 0.001
0.5 0.9 0.8 0.001
0.5 0.9 0.9 0.001
0.6 0.0 0.0 0.001
0.6 0.0 0.1 0.001
0.6 0.0 0.2 0.001
0.6 0.0 0.3 0.001
0.6 0.0 0.4 0.001
0.6 0.0 0.5 0.001
0.6 0.0 0.6 0.001
0.6 0.0 0.7 0.001
0.6 0.0 0.8 0.001
0.6 0.0 0.9 0.001
0.6 0.1 0.0 0.001
0.6 0.1 0.1 0.001
0.6 0.1 0.2 0.001
0.6 0.1 0.3 0.001
0.6 0.1 0.4 0.001
0.6 0.1 0.5 0.001
0.6 0.1 0.6 0.001
0.6 0.1 0.7 0.001
0.6 0.1 0.8 0.001
0.6 0.1 0.9 0.001
0.6 0.2 0.0 0.001
0.6 0.2 0.1 0.001
0.6 0.2 0.2 0.001
0.6 0.2 0.3 0.001
0.6 0.2 0.4 0.001
0.6 0.2 0.5 0.001
0.6 0.2 0.6 0.001
0.6 0.2 0.7 0.001
0.6 0.2 0.8 0.001
0.6 0.2 0.9 0.001
0.6 0.3 0.0 0.001
0.6 0.3 0.1 0.001
0.6 0.3 0.2 0.001
0.6 0.3 0.3 0.001
0.6 0.3 0.4 0.001
0.6 0.3 0.5 0.001
0.6 0.3 0.6 0.001
0.6 0.3 0.7 0.001
0.6 0.3 0.8 0.001
0.6 0.3 0.9 0.001
0.6 0.4 0.0 0.001
0.6 0.4 0.1 0.001
0.6 0.4 0.2 0.001
0.6 0.4 0.3 0.001
0.6 0.4 0.4 0.001
0.6 0.4 0.5 0.001
0.6 0.4 0.6 0.001
0.6 0.4 0.7 0.001
0.6 0.4 0.8 0.001
0.6 0.4 0.9 0.001
0.6 0.5 0.0 0.001
0.6 0.5 0.1 0.001
0.6 0.5 0.2 0.001
0.6 0.5 0.3 0.001
0.6 0.5 0.4 0.001
0.6 0.5 0.5 0.001
0.6 0.5 0.6 0.001
0.6 0.5 0.7 0.001
0.6 0.5 0.8 0.001
0.6 0.5 0.9 0.001
0.6 0.6 0.0 0.001
0.6 0.6 0.1 0.001
0.6 0.6 0.2 0.001
0.6 0.6 0.3 0.001
0.6 0.6 0.4 0.001
0.6 0.6 0.5 0.001
0.6 0.6 0.6 0.001
0.6 0.6 0.7 0.001
0.6 0.6 0.8 0.001
0.6 0.6 0.9 0.001
0.6 0.7 0.0 0.001
0.6 0.7 0.1 0.001
0.6 0.7 0.2 0.001
0.6 0.7 0.3 0.001
0.6 0.7 0.4 0.001
0.6 0.7 0.5 0.001
0.6 0.7 0.6 0.001
0.6 0.7 0.7 0.001
0.6 0.7 0.8 0.001
0.6 0.7 0.9 0.001
0.6 0.8 0.0 0.001
0.6 0.8 0.1 0.001
0.6 0.8 0.2 0.001
0.6 0.8 0.3 0.001
0.6 0.8 0.4 0.001
0.6 0.8 0.5 0.001
0.6 0.8 0.6 0.001
0.6 0.8 0.7 0.001
0.6 0.8 0.8 0.001
0.6 0.8 0.9 0.001
0.6 0.9 0.0 0.001
0.6 0.9 0.1 0.001
0.6 0.9 0.2 0.001
0.6 0.9 0.3 0.001
0.6 0.9 0.4 0.001
0.6 0.9 0.5 0.001
0.6 0.9 0.6 0.001
0.6 0.9 0.7 0.001
0.6 0.9 0.8 0.001
0.6 0.9 0.9 0.001
0.7 0.0 0.0 0.001
0.7 0.0 0.1 0.001
0.7 0.0 0.2 0.001
0.7 0.0 0.3 0.001
0.7 0.0 0.4 0.001
0.7 0.0 0.5 0.001
0.7 0.0 0.6 0.001
0.7 0.0 0.7 0.001
0.7 0.0 0.8 0.001
0.7 0.0 0.9 0.001
0.7 0.1 0.0 0.001
0.7 0.1 0.1 0.001
0.7 0.1 0.2 0.001
0.7 0.1 0.3 0.001
0.7 0.1 0.4 0.001
0.7 0.1 0.5 0.001
0.7 0.1 0.6 0.001
0.7 0.1 0.7 0.001
0.7 0.1 0.8 0.001
0.7 0.1 0.9 0.001
0.7 0.2 0.0 0.001
0.7 0.2 0.1 0.001
0.7 0.2 0.2 0.001
0.7 0.2 0.3 0.001
0.7 0.2 0.4 0.001
0.7 0.2 0.5 0.001
0.7 0.2 0.6 0.001
0.7 0.2 0.7 0.001
0.7 0.2 0.8 0.001
0.7 0.2 0.9 0.001
0.7 0.3 0.0 0.001
0.7 0.3 0.1 0.001
0.7 0.3 0.2 0.001
0.7 0.3 0.3 0.001
0.7 0.3 0.4 0.001
0.7 0.3 0.5 0.001
0.7 0.3 0.6 0.001
0.7 0.3 0.7 0.001
0.7 0.3 0.8 0.001
0.7 0.3 0.9 0.001
0.7 0.4 0.0 0.001
0.7 0.4 0.1 0.001
0.7 0.4 0.2 0.001
0.7 0.4 0.3 0.001
0.7 0.4 0.4 0.001
0.7 0.4 0.5 0.001
0.7 0.4 0.6 0.001
0.7 0.4 0.7 0.001
0.7 0.4 0.8 0.001
0.7 0.4 0.9 0.001
0.7 0.5 0.0 0.001
0.7 0.5 0.1 0.001
0.7 0.5 0.2 0.001
0.7 0.5 0.3 0.001
0.7 0.5 0.4 0.001
0.7 0.5 0.5 0.001
0.7 0.5 0.6 0.001
0.7 0.5 0.7 0.001
0.7 0.5 0.8 0.001
0.7 0.5 0.9 0.001
0.7 0.6 0.0 0.001
0.7 0.6 0.1 0.001
0.7 0.6 0.2 0.001
0.7 0.6 0.3 0.001
0.7 0.6 0.4 0.001
0.7 0.6 0.5 0.001
0.7 0.6 0.6 0.001
0.7 0.6 0.7 0.001
0.7 0.6 0.8 0.001
0.7 0.6 0.9 0.001
0.7 0.7 0.0 0.001
0.7 0.7 0.1 0.001
0.7 0.7 0.2 0.001
0.7 0.7 0.3 0.001
0.7 0.7 0.4 0.001
0.7 0.7 0.5 0.001
0.7 0.7 0.6 0.001
0.7 0.7 0.7 0.001
0.7 0.7 0.8 0.001
0.7 0.7 0.9 0.001
0.7 0.8 0.0 0.001
0.7 0.8 0.1 0.001
0.7 0.8 0.2 0.001
0.7 0.8 0.3 0.001
0.7 0.8 0.4 0.001
0.7 0.8 0.5 0.001
0.7 0.8 0.6 0.001
0.7 0.8 0.7 0.001
0.7 0.8 0.8 0.001
0.7 0.8 0.9 0.001
0.7 0.9 0.0 0.001
0.7 0.9 0.1 0.001
0.7 0.9 0.2 0.001
0.7 0.9 0.3 0.001
0.7 0.9 0.4 0.001
0.7 0.9 0.5 0.001
0.7 0.9 0.6 0.001
0.7 0.9 0.7 0.001
0.7 0.9 0.8 0.001
0.7 0.9 0.9 0.001
0.8 0.0 0.0 0.001
0.8 0.0 0.1 0.001
0.8 0.0 0.2 0.001
0.8 0.0 0.3 0.001
0.8 0.0 0.4 0.001
0.8 0.0 0.5 0.001
0.8 0.0 0.6 0.001
0.8 0.0 0.7 0.001
0.8 0.0 0.8 0.001
0.8 0.0 0.9 0.001
0.8 0.1 0.0 0.001
0.8 0.1 0.1 0.001
0.8 0.1 0.2 0.001
0.8 0.1 0.3 0.001
0.8 0.1 0.4 0.001
0.8 0.1 0.5 0.001
0.8 0.1 0.6 0.001
0.8 0.1 0.7 0.001
0.8 0.1 0.8 0.001
0.8 0.1 0.9 0.001
0.8 0.2 0.0 0.001
0.8 0.2 0.1 0.001
0.8 0.2 0.2 0.001
0.8 0.2 0.3 0.001
0.8 0.2 0.4 0.001
0.8 0.2 0.5 0.001
0.8 0.2 0.6 0.001
0.8 0.2 0.7 0.001
0.8 0.2 0.8 0.001
0.8 0.2 0.9 0.001
0.8 0.3 0.0 0.001
0.8 0.3 0.1 0.001
0.8 0.3 0.2 0.001
0.8 0.3 0.3 0.001
0.8 0.3 0.4 0.001
0.8 0.3 0.5 0.001
0.8 0.3 0.6 0.001
0.8 0.3 0.7 0.001
0.8 0.3 0.8 0.001
0.8 0.3 0.9 0.001
0.8 0.4 0.0 0.001
0.8 0.4 0.1 0.001
0.8 0.4 0.2 0.001
0.8 0.4 0.3 0.001
0.8 0.4 0.4 0.001
0.8 0.4 0.5 0.001
0.8 0.4 0.6 0.001
0.8 0.4 0.7 0.001
0.8 0.4 0.8 0.001
0.8 0.4 0.9 0.001
0.8 0.5 0.0 0.001
0.8 0.5 0.1 0.001
0.8 0.5 0.2 0.001
0.8 0.5 0.3 0.001
0.8 0.5 0.4 0.001
0.8 0.5 0.5 0.001
0.8 0.5 0.6 0.001
0.8 0.5 0.7 0.001
0.8 0.5 0.8 0.001
0.8 0.5 0.9 0.001
0.8 0.6 0.0 0.001
0.8 0.6 0.1 0.001
0.8 0.6 0.2 0.001
0.8 0.6 0.3 0.001
0.8 0.6 0.4 0.001
0.8 0.6 0.5 0.001
0.8 0.6 0.6 0.001
0.8 0.6 0.7 0.001
0.8 0.6 0.8 0.001
0.8 0.6 0.9 0.001
0.8 0.7 0.0 0.001
0.8 0.7 0.1 0.001
0.8 0.7 0.2 0.001
0.8 0.7 0.3 0.001
0.8 0.7 0.4 0.001
0.8 0.7 0.5 0.001
0.8 0.7 0.6 0.001
0.8 0.7 0.7 0.001
0.8 0.7 0.8 0.001
0.8 0.7 0.9 0.001
0.8 0.8 0.0 0.001
0.8 0.8 0.1 0.001
0.8 0.8 0.2 0.001
0.8 0.8 0.3 0.001
0.8 0.8 0.4 0.001
0.8 0.8 0.5 0.001
0.8 0.8 0.6 0.001
0.8 0.8 0.7 0.001
0.8 0.8 0.8 0.001
0.8 0.8 0.9 0.001
0.8 0.9 0.0 0.001
0.8 0.9 0.1 0.001
0.8 0.9 0.2 0.001
0.8 0.9 0.3 0.001
0.8 0.9 0.4 0.001
0.8 0.9 0.5 0.001
0.8 0.9 0.6 0.001
0.8 0.9 0.7 0.001
0.8 0.9 0.8 0.001
0.8 0.9 0.9 0.001
0.9 0.0 0.0 0.001
0.9 0.0 0.1 0.001
0.9 0.0 0.2 0.001
0.9 0.0 0.3 0.001
0.9 0.0 0.4 0.001
0.9 0.0 0.5 0.001
0.9 0.0 0.6 0.001
0.9 0.0 0.7 0.001
0.9 0.0 0.8 0.001
0.9 0.0 0.9 0.001
0.9 0.1 0.0 0.001
0.9 0.1 0.1 0.001
0.9 0.1 0.2 0.001
0.9 0.1 0.3 0.001
0.9 0.1 0.4 0.001
0.9 0.1 0.5 0.001
0.9 0.1 0.6 0.001
0.9 0.1 0.7 0.001
0.9 0.1 0.8 0.001
0.9 0.1 0.9 0.001
0.9 0.2 0.0 0.001
0.9 0.2 0.1 0.001
0.9 0.2 0.2 0.001
0.9 0.2 0.3 0.001
0.9 0.2 0.4 0.001
0.9 0.2 0.5 0.001
0.9 0.2 0.6 0.001
0.9 0.2 0.7 0.001
0.9 0.2 0.8 0.001
0.9 0.2 0.9 0.001
0.9 0.3 0.0 0.001
0.9 0.3 0.1 0.001
0.9 0.3 0.2 0.001
0.9 0.3 0.3 0.001
0.9 0.3 0.4 0.001
0.9 0.3 0.5 0.001
0.9 0.3 0.6 0.001
0.9 0.3 0.7 0.001
0.9 0.3 0.8 0.001
0.9 0.3 0.9 0.001
0.9 0.4 0.0 0.001
0.9 0.4 0.1 0.001
0.9 0.4 0.2 0.001
0.9 0.4 0.3 0.001
0.9 0.4 0.4 0.001
0.9 0.4 0.5 0.001
0.9 0.4 0.6 0.001
0.9 0.4 0.7 0.001
0.9 0.4 0.8 0.001
0.9 0.4 0.9 0.001
0.9 0.5 0.0 0.001
0.9 0.5 0.1 0.001
0.9 0.5 0.2 0.001
0.9 0.5 0.3 0.001
0.9 0.5 0.4 0.001
0.9 0.5 0.5 0.001
0.9 0.5 0.6 0.001
0.9 0.5 0.7 0.001
0.9 0.5 0.8 0.001
0.9 0.5 0.9 0.001
0.9 0.6 0.0 0.001
0.9 0.6 0.1 0.001
0.9 0.6 0.2 0.001
0.9 0.6 0.3 0.001
0.9 0.6 0.4 0.001
0.9 0.6 0.5 0.001
0.9 0.6 0.6 0.001
0.9 0.6 0.7 0.001
0.9 0.6 0.8 0.001
0.9 0.6 0.9 0.001
0.9 0.7 0.0 0.001
0.9 0.7 0.1 0.001
0.9 0.7 0.2 0.001
0.9 0.7 0.3 0.001
0.9 0.7 0.4 0.001
0.9 0.7 0.5 0.001
0.9 0.7 0.6 0.001
0.9 0.7 0.7 0.001
0.9 0.7 0.8 0.001
0.9 0.7 0.9 0.001
0.9 0.8 0.0 0.001
0.9 0.8 0.1 0.001
0.9 0.8 0.2 0.001
0.9 0.8 0.3 0.001
0.9 0.8 0.4 0.001
0.9 0.8 0.5 0.001
0.9 0.8 0.6 0.001
0.9 0.8 0.7 0.001
0.9 0.8 0.8 0.001
0.9 0.8 0.9 0.001
0.9 0.9 0.0 0.001
0.9 0.9 0.1 0.001
0.9 0.9 0.2 0.001
0.9 0.9 0.3 0.001
0.9 0.9 0.4 0.001
0.9 0.9 0.5 0.001
0.9 0.9 0.6 0.001
0.9 0.9 0.7 0.001
0.9 0.9 0.8 0.001
0.9 0.9 0.9 0.001
